1713723415578301184.000000,1.750769377,25.218904495,1.322064042,0.002631735,-0.002547421,0.000095082,0.999993324
1713723415611657984.000000,0.004475335,0.202459410,0.012626859,0.005579517,-0.002404608,0.000101868,0.999981582
1713723415645014272.000000,0.016338138,0.203761727,0.007506047,0.004886079,-0.002089935,0.001581471,0.999984682
1713723415678371072.000000,0.013663366,0.223742157,0.008560810,0.003912180,-0.002080754,0.001641010,0.999988914
1713723415711728128.000000,0.002406671,0.241052568,0.019155294,0.003325911,-0.002158123,-0.000141036,0.999992132
1713723415745084160.000000,0.006662287,0.251039207,0.010819267,0.006548493,-0.001392440,0.000319895,0.999977589
1713723415778440960.000000,0.014429966,0.245678827,0.018500170,0.003454966,-0.002341605,0.001354652,0.999990404
1713723415811797504.000000,0.015812868,0.251941860,0.017346844,0.003276470,-0.002299437,0.001164312,0.999991357
1713723415845154048.000000,2.007193089,34.207237244,1.721132278,0.005877132,-0.004338417,-0.000278775,0.999973297
1713723415878510592.000000,0.003445461,0.187917203,0.004158508,0.008466505,-0.002233948,-0.000923667,0.999961257
1713723415911867136.000000,0.008840091,0.196755886,0.006365913,0.005300997,-0.003009965,0.000729696,0.999981225
1713723415945223936.000000,0.005162652,0.210999057,0.012197949,0.005163680,-0.002423579,-0.000186433,0.999983788
1713723415978580224.000000,0.006219183,0.214599937,0.011899286,0.008616972,-0.002797943,-0.000359556,0.999958932
1713723416011937024.000000,0.005549290,0.218892261,0.007771618,0.007800211,-0.003250733,-0.000814050,0.999964058
1713723416045293568.000000,0.004656307,0.233037874,0.010296539,0.006415060,-0.003392452,-0.000720347,0.999973476
1713723416078650112.000000,0.003327446,0.240173623,0.015951622,0.007169542,-0.002368159,-0.001228410,0.999970794
1713723416112006656.000000,3.358715296,50.303768158,2.640188217,0.009771460,-0.003008816,0.000111665,0.999947786
1713723416145363456.000000,0.000997515,0.221713006,0.009078728,0.008540400,-0.003021137,-0.002197190,0.999956608
1713723416178719744.000000,3.356356144,50.321521759,2.642441034,0.005453994,-0.003640241,-0.000175354,0.999978542
1713723416212076544.000000,3.360009670,50.329662323,2.645009756,0.007645230,-0.001794162,0.000594172,0.999969065
1713723416245432832.000000,3.359447956,50.332790375,2.640280962,0.010517845,-0.003173030,-0.000068701,0.999939680
1713723416278789632.000000,1.753615499,25.353628159,1.326528192,0.007130441,-0.004890437,-0.001496701,0.999961495
1713723416312145920.000000,3.359313011,50.350761414,2.644114971,0.006479400,-0.003571821,-0.000175495,0.999972641
1713723416345502976.000000,0.002781669,0.264406234,0.015018077,0.009648982,-0.001681632,-0.002913591,0.999947846
1713723416378859008.000000,4.114673615,62.816894531,3.306139469,0.008815162,-0.003746143,-0.000490101,0.999954104
1713723416412216064.000000,4.116653442,62.824424744,3.308867216,0.006315385,-0.003838080,0.000242609,0.999972701
1713723416445572352.000000,4.116591930,62.828880310,3.310862780,0.007096683,-0.003141089,0.000097087,0.999969900
1713723416478929152.000000,4.116724014,62.832885742,3.308267593,0.009585980,-0.003372261,0.000090160,0.999948382
1713723416512285440.000000,4.115126610,62.839488983,3.308329344,0.008079170,-0.004264934,-0.000500484,0.999958217
1713723416545642240.000000,4.119039536,62.842960358,3.308973312,0.007602104,-0.003653686,0.000713282,0.999964178
1713723416578998272.000000,4.116659641,62.850391388,3.311870813,0.009106216,-0.004668856,-0.000312616,0.999947608
1713723416612355328.000000,4.116824150,62.853141785,3.307999134,0.010522190,-0.004710161,-0.000344485,0.999933541
1713723416645711360.000000,4.833505154,75.308334351,3.978721380,0.008051812,-0.005567144,-0.000510847,0.999952018
1713723416679068160.000000,4.833235741,75.314071655,3.979800701,0.007929588,-0.004975676,-0.001245116,0.999955475
1713723416712424192.000000,4.831365585,75.317298889,3.981183290,0.010613692,-0.006646623,-0.001933024,0.999919713
1713723416745780992.000000,1.753601909,25.364719391,1.328398108,0.010912505,-0.006216106,-0.002529223,0.999917984
1713723416779137024.000000,4.830961704,75.326972961,3.980515003,0.007256436,-0.006102992,-0.002303782,0.999952435
1713723416812493568.000000,4.832560062,75.332633972,3.983821869,0.007174385,-0.005043442,-0.001802745,0.999959946
1713723416845850112.000000,4.832820892,75.333625793,3.980265379,0.011348188,-0.005579906,-0.001937373,0.999918222
1713723416879206656.000000,4.833086491,75.338981628,3.979807138,0.008392242,-0.006174212,-0.001640185,0.999944389
1713723416912563200.000000,3.034943819,79.479309082,3.956086636,0.007654011,-0.007670169,-0.002486652,0.999938250
1713723416945919488.000000,3.033527136,79.484077454,3.956835270,0.010734363,-0.008194350,-0.002876805,0.999904692
1713723416979276288.000000,1.758573651,25.438302994,1.331806421,0.011302433,-0.006482292,-0.001682658,0.999913692
1713723417012632320.000000,3.036289454,79.495445251,3.956152201,0.007461649,-0.008696412,-0.002008001,0.999932349
1713723417045989120.000000,3.034796953,79.501525879,3.957832813,0.007685204,-0.008590700,-0.002731537,0.999929845
1713723417079344896.000000,3.034202337,79.505165100,3.958028555,0.011398184,-0.009198885,-0.003031885,0.999888182
1713723417112701696.000000,3.035405159,79.510421753,3.953737497,0.010674639,-0.009120708,-0.002589350,0.999898076
1713723417146057728.000000,3.035116196,79.517745972,3.957941294,0.007007539,-0.009987771,-0.002428361,0.999922633
1713723417179414784.000000,6.153970718,100.204177856,5.324447155,0.008602173,-0.007637825,-0.000159988,0.999933898
1713723417212771072.000000,6.155852795,100.206878662,5.322209835,0.012153854,-0.007913617,0.000494483,0.999894738
1713723417246128128.000000,6.154017448,100.213539124,5.321984768,0.008492115,-0.008401731,0.000059653,0.999928713
1713723417279484416.000000,6.156087875,100.221595764,5.323216438,0.008059480,-0.008051461,0.000864078,0.999934793
1713723417312841728.000000,6.154572487,100.227951050,5.325571060,0.010484871,-0.007387928,0.000196716,0.999917746
1713723417346197760.000000,6.154146194,100.230361938,5.321339607,0.012700188,-0.008114479,0.000111434,0.999886453
1713723417379554816.000000,6.154875755,100.239067078,5.323950291,0.008548227,-0.007906388,0.000583641,0.999932051
1713723417412911104.000000,6.155148029,100.245941162,5.326857090,0.008370145,-0.007597006,0.000672751,0.999935985
1713723417446267904.000000,6.760143757,112.599479675,5.996088028,0.012067650,-0.007223684,0.000523258,0.999900997
1713723417479624192.000000,6.767151833,112.603683472,5.997903347,0.009213010,-0.006843526,0.003026727,0.999929607
1713723417512981248.000000,6.761193752,112.611076355,5.993988514,0.008287786,-0.006407700,0.001473218,0.999944091
1713723417546337280.000000,6.760985851,112.617713928,5.997589588,0.008342897,-0.005927324,0.001013031,0.999947190
1713723417579694336.000000,6.760060310,112.621253967,5.995754242,0.012179193,-0.006022182,0.000922360,0.999907315
1713723417613050368.000000,6.761112690,112.630241394,5.996621132,0.008278632,-0.005958711,0.001393362,0.999947011
1713723417646407424.000000,6.762859344,112.638015747,5.998017311,0.007285760,-0.005804871,0.001951761,0.999954760
1713723417679763456.000000,6.761251926,112.643768311,6.000109196,0.009885943,-0.005504167,0.001099838,0.999935448
1713723417713120768.000000,6.926277161,124.346084595,6.576942921,0.011822911,-0.006077891,0.000738488,0.999911427
1713723417746476800.000000,6.926669121,124.349037170,6.582027435,0.008948577,-0.005864291,0.000548200,0.999942601
1713723417779833600.000000,6.926103115,124.340202332,6.594750881,0.006138520,-0.006522449,0.000543029,0.999959767
1713723417813189888.000000,7.012256622,127.209457397,6.732541084,0.010123208,-0.005134335,0.000772720,0.999935329
1713723417846546688.000000,6.945457935,124.255104065,6.591689587,0.008400451,-0.006443541,0.001008842,0.999943495
1713723417879902720.000000,1.957593799,38.810630798,2.056272030,0.008217712,-0.003946674,-0.000298419,0.999958456
1713723417913259264.000000,1.966112614,38.780735016,2.060991287,0.006585827,-0.004645206,0.000037842,0.999967575
1713723417946615808.000000,2.830374718,77.181716919,3.252825022,0.013172230,-0.004931385,-0.000330610,0.999901056
1713723417979972352.000000,2.839911222,77.155990601,3.254229784,0.012593078,-0.004423911,-0.000317332,0.999910951
1713723418013329152.000000,2.904572487,77.728866577,3.316185713,0.009511499,-0.005241544,0.000285947,0.999940991
1713723418046685184.000000,2.912831783,77.703269958,3.321220636,0.009531260,-0.004799854,0.000407659,0.999943018
1713723418080041984.000000,2.780493259,67.741706848,3.249050140,0.013011950,-0.003832863,0.000705520,0.999907851
1713723418113398016.000000,2.788731575,67.718261719,3.251779556,0.008797138,-0.004228116,0.000814354,0.999952078
1713723418146755328.000000,9.410948753,146.709701538,7.948814869,0.008728677,-0.006142530,0.002759024,0.999939322
1713723418180112640.000000,9.421893120,146.679489136,7.953947067,0.009871580,-0.004007838,0.002745312,0.999939561
1713723418213851648.000000,2.540021658,106.495643616,3.774592876,0.013574230,-0.004598664,-0.001688272,0.999895930
1713723418247593984.000000,2.549983740,106.464424133,3.780139446,0.010407867,-0.005197544,-0.001281703,0.999931514
1713723418281338112.000000,7.647480488,132.636993408,7.471435547,0.007368069,-0.005616091,0.002102226,0.999954939
1713723418315085056.000000,7.657023907,132.605880737,7.477399826,0.007708040,-0.005652567,0.001761019,0.999952853
1713723418348834816.000000,3.436218023,86.205284119,3.896416664,0.010152074,-0.004958746,-0.001258868,0.999935389
1713723418382586368.000000,3.447015524,86.172447205,3.903015137,0.008409600,-0.005330219,-0.002218829,0.999948025
1713723418416340224.000000,3.459999800,86.133125305,3.911111832,0.008494528,-0.004651679,-0.003996093,0.999945104
1713723418450097408.000000,7.892003536,135.474411011,7.809396267,0.007874927,-0.005358164,-0.004867292,0.999942839
1713723418483856128.000000,7.907961369,135.433425903,7.816639900,0.004441377,-0.004811899,-0.007670242,0.999949217
1713723418517617920.000000,4.047693253,158.854614258,8.197292328,0.008978216,-0.005782258,-0.015530054,0.999822378
1713723418551381760.000000,4.067101002,158.807495117,8.207951546,0.010633533,-0.004525847,-0.018969988,0.999753296
1713723418585148416.000000,3.189146280,109.916786194,4.421934128,0.011188801,-0.004201982,-0.022413621,0.999677420
1713723418618917120.000000,3.218699217,109.882034302,4.441100121,0.010551526,-0.003913879,-0.025787009,0.999604106
1713723418652688640.000000,3.322370052,111.038833618,4.567664623,0.012219862,-0.002860565,-0.028744666,0.999508083
1713723418686462720.000000,3.373050213,111.077033997,4.607550144,0.014535054,-0.002267154,-0.031185992,0.999405384
1713723418720238592.000000,3.464228153,111.997306824,4.722858906,0.012271726,-0.001115922,-0.032757662,0.999387443
1713723418754017280.000000,3.523820639,112.161445618,4.778264999,0.011562255,-0.002472319,-0.033420645,0.999371469
1713723418787798528.000000,3.586279869,112.319267273,4.835108757,0.012559175,-0.000771990,-0.034273669,0.999333322
1713723418821582592.000000,9.406549454,176.016265869,9.486796379,0.012899539,0.000152044,-0.030935124,0.999438167
1713723418855368448.000000,9.474691391,176.263839722,9.557437897,0.011303428,0.001217220,-0.029822227,0.999490559
1713723418889157120.000000,3.804210663,113.590263367,5.114678383,0.011930621,-0.001111340,-0.032344062,0.999404967
1713723418922947584.000000,10.762430191,157.618331909,9.545281410,0.010937025,0.000507016,-0.025919709,0.999604106
1713723418956741376.000000,10.830714226,157.917343140,9.625212669,0.011446822,0.001379334,-0.024130179,0.999642372
1713723418990537216.000000,10.462223053,168.223251343,9.593213081,0.009894096,0.000246145,-0.023955094,0.999664068
1713723419024335104.000000,10.531787872,168.566421509,9.677537918,0.009286717,-0.000227252,-0.022301244,0.999708176
1713723419058136320.000000,10.912167549,163.433547974,9.788469315,0.010532741,0.000528113,-0.020405129,0.999736190
1713723419091939328.000000,10.981705666,163.797424316,9.875355721,0.009133454,-0.000471536,-0.018723907,0.999782920
1713723419125745152.000000,9.895488739,189.966918945,10.276737213,0.008547867,-0.002191465,-0.019019390,0.999780238
1713723419159553024.000000,9.970161438,190.350067139,10.367614746,0.010276676,-0.001997662,-0.017462907,0.999792695
1713723419193371904.000000,11.041862488,167.484741211,10.106794357,0.009519721,-0.000450460,-0.015285552,0.999837816
1713723419226691584.000000,11.117631912,167.885955811,10.195185661,0.005767517,-0.002359991,-0.014238365,0.999879301
1713723419260009984.000000,11.181033134,168.473159790,10.277038574,0.005828871,-0.003102898,-0.013633217,0.999885321
1713723419293328640.000000,11.260464668,168.881484985,10.368156433,0.008282804,-0.000497781,-0.013772814,0.999870777
1713723419326646784.000000,11.329693794,170.771072388,10.420208931,0.006653661,-0.001350245,-0.013585426,0.999884665
1713723419359964928.000000,11.406972885,171.200012207,10.510547638,0.004544207,-0.002525140,-0.013201087,0.999899387
1713723419393282048.000000,11.475638390,171.836822510,10.599141121,0.005722608,-0.002578640,-0.012646820,0.999900401
1713723419426598912.000000,11.555508614,172.275482178,10.691817284,0.006160684,-0.002633248,-0.012856359,0.999894977
1713723419459916032.000000,11.629203796,172.764846802,10.781631470,0.003833204,-0.003636498,-0.012731007,0.999904990
1713723419493232384.000000,10.888589859,182.254241943,10.256947517,0.006566518,-0.003308000,-0.014656919,0.999865592
1713723419526548736.000000,10.968999863,182.702774048,10.353521347,0.007952879,-0.003382710,-0.014291787,0.999860525
1713723419559864576.000000,9.815247536,211.176559448,11.469339371,0.007179713,-0.003874184,-0.014784372,0.999857426
1713723419593179648.000000,9.896797180,211.644378662,11.569063187,0.006422284,-0.005176641,-0.013978018,0.999868274
1713723419626495232.000000,11.718864441,180.213424683,11.227559090,0.005120489,-0.004250864,-0.011059941,0.999916732
1713723419659809536.000000,11.800599098,180.702575684,11.326112747,0.005594408,-0.004066409,-0.010582096,0.999920189
1713723419693124352.000000,11.783512115,182.623916626,11.375135422,0.003483587,-0.005068129,-0.009877373,0.999932349
1713723419726438400.000000,11.863125801,183.132659912,11.475331306,0.003574417,-0.004928153,-0.009125539,0.999939919
1713723419759751936.000000,11.945202827,183.690093994,11.574958801,0.005447869,-0.004609306,-0.008470244,0.999938667
1713723419793065472.000000,10.893404961,220.468688965,12.031837463,0.007085669,-0.004802406,-0.010032204,0.999913037
1713723419826378496.000000,10.977714539,220.989852905,12.136904716,0.005883103,-0.005452614,-0.008873461,0.999928534
1713723419859691264.000000,11.063538551,221.504272461,12.243966103,0.006857994,-0.005038818,-0.008082813,0.999931157
1713723419893004032.000000,10.445914268,209.318405151,11.566791534,0.007796160,-0.003739662,-0.007640212,0.999933422
1713723419926316032.000000,10.530515671,209.857681274,11.673796654,0.005655741,-0.004890963,-0.006756855,0.999949217
1713723419959627520.000000,10.619767189,210.930694580,11.727628708,0.005701913,-0.004312882,-0.006043534,0.999956250
1713723419992939264.000000,10.705451012,211.491806030,11.838925362,0.007168532,-0.004875758,-0.005086077,0.999949515
1713723420026250240.000000,10.790437698,212.110519409,11.949378014,0.007091477,-0.003590875,-0.004754622,0.999957204
1713723420059560960.000000,10.760699272,213.315048218,11.898565292,0.005383811,-0.004613069,-0.003600264,0.999968410
1713723420092871424.000000,10.848317146,213.893753052,12.012543678,0.005535069,-0.003930148,-0.003135962,0.999972045
1713723420126181376.000000,11.041767120,213.967056274,12.283479691,0.008231510,-0.003835256,-0.002144901,0.999956489
1713723420159491584.000000,11.128994942,214.561691284,12.397256851,0.005500890,-0.003036411,-0.001216432,0.999979496
1713723420192803072.000000,11.215599060,215.151504517,12.511656761,0.004273319,-0.004288485,-0.000203957,0.999981701
1713723420226123008.000000,11.195553780,216.280487061,12.472567558,0.005395673,-0.003854386,0.000212198,0.999978006
1713723420259442688.000000,11.285390854,216.857620239,12.590347290,0.007532229,-0.003241405,0.000724907,0.999966145
1713723420292762368.000000,11.541751862,243.219116211,13.356265068,0.005704242,-0.004807088,0.001035535,0.999971628
1713723420326080768.000000,11.580536842,244.001342773,13.422406197,0.005643552,-0.004717532,0.002108881,0.999970734
1713723420359399680.000000,11.618997574,244.791076660,13.488210678,0.009035111,-0.004734761,0.002625278,0.999944568
1713723420392717568.000000,11.658016205,245.575225830,13.553554535,0.007949337,-0.004240754,0.003232226,0.999954224
1713723420426035712.000000,10.918771744,222.118225098,12.560051918,0.004832901,-0.004799973,0.004529113,0.999966562
1713723420459353088.000000,10.958227158,222.897399902,12.624295235,0.005274875,-0.003716824,0.004939310,0.999967039
1713723420492669952.000000,11.765003204,252.289123535,13.889195442,0.009265427,-0.004742566,0.006312260,0.999925911
1713723420525987072.000000,11.797027588,253.066390991,13.952474594,0.006708524,-0.004296781,0.006856974,0.999944806
1713723420559303680.000000,11.803316116,253.846908569,14.011862755,0.006416277,-0.005184189,0.008170536,0.999932647
1713723420592619776.000000,11.832904816,254.619705200,14.076261520,0.006679090,-0.005075639,0.008836158,0.999925792
1713723420625936128.000000,11.852080345,255.400711060,14.135078430,0.008551862,-0.004631299,0.009198352,0.999910474
1713723420659251200.000000,11.877795219,256.172882080,14.198740959,0.005335338,-0.005152603,0.010175068,0.999920785
1713723420692566272.000000,11.879863739,256.955657959,14.265063286,0.005019172,-0.005331684,0.010879394,0.999914050
1713723420725881344.000000,11.903889656,257.719360352,14.328393936,0.007722323,-0.004740705,0.011606148,0.999891639
1713723420759196160.000000,11.919970512,258.485687256,14.391914368,0.006343842,-0.004485744,0.012288946,0.999894321
1713723420792510208.000000,11.941888809,259.258239746,14.453586578,0.004534150,-0.005342212,0.013357775,0.999886274
1713723420825824000.000000,11.962015152,260.018585205,14.517849922,0.005020481,-0.005056940,0.014025716,0.999876261
1713723420859138048.000000,11.999714851,260.792358398,14.590737343,0.007031960,-0.004250375,0.014614047,0.999859512
1713723420892450816.000000,12.022397041,261.552520752,14.654173851,0.004750454,-0.004603543,0.015315442,0.999860883
1713723420925763840.000000,11.907233238,258.086517334,14.590394020,0.003825428,-0.004961563,0.016037090,0.999851823
1713723420959076352.000000,11.928431511,258.840454102,14.654434204,0.005465484,-0.004939299,0.016852185,0.999830902
1713723420992388608.000000,12.227771759,274.899414062,15.226256371,0.006867413,-0.004583324,0.017523075,0.999812365
1713723421025700608.000000,12.246893883,275.652893066,15.291146278,0.004476453,-0.005595134,0.018571667,0.999801874
1713723421059012096.000000,12.263869286,276.415222168,15.354854584,0.004864573,-0.005624160,0.019465849,0.999782860
1713723421092323840.000000,12.286963463,277.161682129,15.422707558,0.007503415,-0.004125960,0.020102751,0.999761224
1713723421125634304.000000,12.302971840,277.920501709,15.488376617,0.005520378,-0.004564147,0.021021219,0.999753416
1713723421158944768.000000,12.321633339,278.671508789,15.557083130,0.004810107,-0.004938861,0.022033349,0.999733567
1713723421192254976.000000,12.358283997,279.416473389,15.633400917,0.006622008,-0.004119908,0.022791112,0.999709904
1713723421225574144.000000,12.380818367,280.159118652,15.700734138,0.006978341,-0.003543290,0.023543164,0.999692202
1713723421258892032.000000,12.378368378,280.910064697,15.765902519,0.005457974,-0.004660250,0.024427397,0.999675930
1713723421292210432.000000,12.397041321,281.651458740,15.832050323,0.006070644,-0.004332162,0.025001002,0.999659598
1713723421325527808.000000,12.396459579,282.412170410,15.880509377,0.008711058,-0.004146062,0.025967373,0.999616325
1713723421358845184.000000,12.415739059,283.149688721,15.947171211,0.008474042,-0.003474792,0.026482081,0.999607384
1713723421392162304.000000,12.152224541,268.695495605,15.396086693,0.005993018,-0.005029241,0.027559631,0.999589562
1713723421425478912.000000,12.174492836,269.427642822,15.464246750,0.007418498,-0.004400396,0.028167464,0.999566078
1713723421458795264.000000,12.513122559,295.908050537,16.484807968,0.010637986,-0.004189467,0.029240219,0.999507129
1713723421492111360.000000,12.530979156,296.639129639,16.553642273,0.008486724,-0.004923603,0.029976144,0.999502480
1713723421525427456.000000,12.071202278,272.032592773,15.632985115,0.007004649,-0.005211893,0.029650515,0.999522209
1713723421558742528.000000,12.089365959,272.758972168,15.699618340,0.008820323,-0.005339005,0.030046582,0.999495387
1713723421592057344.000000,12.111595154,273.485870361,15.763304710,0.010792186,-0.003581101,0.029981570,0.999485791
1713723421625372160.000000,11.983498573,274.333129883,15.882218361,0.007695591,-0.005152860,0.029754680,0.999514401
1713723421658686464.000000,12.003169060,275.056671143,15.947102547,0.007763872,-0.006068775,0.029460359,0.999517381
1713723421692000512.000000,12.012917519,276.155792236,16.049205780,0.010516632,-0.004760240,0.028669598,0.999522269
1713723421725313792.000000,12.034398079,276.878662109,16.112594604,0.009885008,-0.006099702,0.028277479,0.999532640
1713723421758627072.000000,12.042594910,277.616577148,16.177232742,0.007874008,-0.006839704,0.028107921,0.999550521
1713723421791940096.000000,12.064415932,278.577026367,16.192413330,0.009228438,-0.006167454,0.027336176,0.999564767
1713723421825253376.000000,12.081144333,279.300231934,16.256834030,0.010043985,-0.005637359,0.026645318,0.999578655
1713723421858565376.000000,12.096194267,280.023651123,16.321523666,0.008027498,-0.007187961,0.026446685,0.999592125
1713723421891877120.000000,12.046162605,281.066162109,16.429676056,0.009504032,-0.005518307,0.026200803,0.999596298
1713723421925189120.000000,12.058161736,281.786193848,16.496717453,0.009615726,-0.006164891,0.025901753,0.999599218
1713723421958499840.000000,12.643638611,318.316253662,17.840883255,0.011404326,-0.006925605,0.026415510,0.999562025
1713723421991811328.000000,12.654065132,319.040557861,17.911827087,0.011982667,-0.007454236,0.026207495,0.999556959
1713723422025122048.000000,12.665749550,319.772460938,17.980094910,0.011192998,-0.006781906,0.025717165,0.999583602
1713723422058431744.000000,12.664967537,320.570587158,18.044328690,0.012287182,-0.007745235,0.025593510,0.999566972
1713723422091741696.000000,12.676495552,321.293823242,18.114816666,0.011388636,-0.006699286,0.024880838,0.999603093
1713723422125051392.000000,12.691265106,321.969024658,18.193645477,0.012233064,-0.007632392,0.024958599,0.999584556
1713723422158360832.000000,12.680500984,322.857238770,18.254215240,0.011386339,-0.006765335,0.024279414,0.999617517
1713723422191685376.000000,12.689969063,323.578857422,18.325317383,0.012462655,-0.006990279,0.023899551,0.999612272
1713723422225008128.000000,12.697549820,324.316925049,18.394727707,0.011812237,-0.006513915,0.023686171,0.999628484
1713723422258330112.000000,12.691886902,325.168548584,18.479907990,0.012117784,-0.006895624,0.023060862,0.999636829
1713723422291651840.000000,12.700128555,325.893585205,18.550409317,0.011950570,-0.007130753,0.022408873,0.999652028
1713723422324973056.000000,12.708691597,326.616149902,18.621215820,0.012072231,-0.006813329,0.021511493,0.999672472
1713723422358294784.000000,12.568704605,338.359558105,18.988527298,0.014067272,-0.007947321,0.021290855,0.999642789
1713723422391615488.000000,12.575252533,339.088928223,19.059328079,0.012821660,-0.007936548,0.020254359,0.999681175
1713723422424935936.000000,12.580936432,339.814666748,19.129993439,0.013184387,-0.009166092,0.019573951,0.999679506
1713723422458256128.000000,12.581645012,340.614654541,19.216115952,0.013193722,-0.008347041,0.018398549,0.999708891
1713723422491576320.000000,12.587018967,341.344207764,19.287639618,0.014274307,-0.009212462,0.017572803,0.999701262
1713723422524895744.000000,12.590787888,342.089660645,19.362268448,0.012514816,-0.009453820,0.016529623,0.999740422
1713723422558215424.000000,12.782364845,322.108215332,18.883579254,0.010923064,-0.009294286,0.015219189,0.999781311
1713723422591533824.000000,12.788849831,322.839935303,18.954710007,0.011782536,-0.008785621,0.014337836,0.999789178
1713723422624853248.000000,12.794746399,323.571014404,19.025506973,0.010550190,-0.009264776,0.013780572,0.999806523
1713723422658171136.000000,12.598545074,326.007934570,19.051460266,0.010734418,-0.009575854,0.012612698,0.999817014
1713723422691489792.000000,12.606340408,326.743377686,19.125995636,0.010959848,-0.008492641,0.011713573,0.999835312
1713723422724807168.000000,12.613255501,327.477111816,19.200216293,0.010960571,-0.008861192,0.011126875,0.999838769
1713723422758124800.000000,12.619294167,328.338378906,19.273372650,0.009775198,-0.008254239,0.010461805,0.999863505
1713723422791442432.000000,12.629549026,329.075134277,19.348604202,0.009984922,-0.008370938,0.009841328,0.999866724
1713723422824759296.000000,12.640737534,329.809722900,19.423816681,0.010445677,-0.007073968,0.008907252,0.999880731
1713723422858075904.000000,12.780014038,332.129608154,19.559696198,0.009823317,-0.007594242,0.008927565,0.999883115
1713723422891392000.000000,12.789914131,332.871520996,19.635578156,0.009307332,-0.006845840,0.007916301,0.999901950
1713723422924707840.000000,12.798949242,333.609985352,19.712450027,0.010206486,-0.007363774,0.007321741,0.999894023
1713723422958023936.000000,12.361449242,362.808532715,20.605545044,0.012070061,-0.006386543,0.006999926,0.999882281
1713723422991339776.000000,12.366273880,363.570770264,20.682332993,0.009514942,-0.007550152,0.006444323,0.999905467
1713723423024654592.000000,12.371908188,364.329010010,20.759866714,0.009706443,-0.007492312,0.005618121,0.999909103
1713723423057969664.000000,12.377565384,365.286560059,20.840244293,0.012638205,-0.005992259,0.004911565,0.999890208
1713723423091283968.000000,12.379897118,366.059143066,20.917068481,0.011319896,-0.005907433,0.004196863,0.999909759
1713723423124598016.000000,12.381865501,366.831390381,20.993808746,0.008669581,-0.006500340,0.003526688,0.999935150
1713723423157912320.000000,12.393743515,367.839416504,21.073972702,0.010108761,-0.005952607,0.002583182,0.999927878
1713723423191227904.000000,12.396762848,368.616210938,21.150354385,0.012450119,-0.005181998,0.001320930,0.999908209
1713723423224548864.000000,12.399279594,369.395050049,21.225997925,0.009442273,-0.005577235,0.000278356,0.999939859
1713723423257869312.000000,12.397522926,370.627685547,21.338008881,0.009343400,-0.006603982,-0.000581306,0.999934435
1713723423291188992.000000,12.405410767,371.419708252,21.417043686,0.010478758,-0.005269042,-0.001643420,0.999929905
1713723423324507904.000000,12.412313461,372.210205078,21.495149612,0.011437192,-0.005601641,-0.002511966,0.999915779
1713723423357827328.000000,12.028126717,380.426177979,21.663005829,0.009414650,-0.006149549,-0.003658910,0.999930143
1713723423391146496.000000,12.033857346,381.229064941,21.743068695,0.009428171,-0.006253806,-0.004226969,0.999927104
1713723423424464640.000000,12.040181160,382.028808594,21.824123383,0.010782981,-0.005603679,-0.005208877,0.999912679
1713723423457783296.000000,12.446681976,375.996429443,21.847858429,0.010022681,-0.005530300,-0.006107084,0.999915838
1713723423491100672.000000,12.453023911,376.811065674,21.927370071,0.007435860,-0.005819845,-0.007145535,0.999929905
1713723423524418304.000000,12.459676743,377.621246338,22.007806778,0.008001114,-0.005441682,-0.008168051,0.999919832
1713723423557735680.000000,12.544385910,379.205902100,22.126146317,0.009890527,-0.005384186,-0.008994434,0.999896228
1713723423591052544.000000,12.551509857,380.028106689,22.209785461,0.008290825,-0.005266155,-0.010090557,0.999900877
1713723423624369152.000000,12.558269501,380.848785400,22.293842316,0.007219133,-0.005957318,-0.010889824,0.999897003
1713723423657685248.000000,12.580626488,381.820373535,22.379840851,0.008257373,-0.005680180,-0.011835122,0.999879837
1713723423691001088.000000,12.585525513,382.653442383,22.463220596,0.009462886,-0.005615032,-0.012680112,0.999859095
1713723423724317184.000000,12.590014458,383.487762451,22.546333313,0.006245862,-0.006192153,-0.013470165,0.999870658
1713723423757632000.000000,12.606959343,384.817199707,22.597391129,0.006598580,-0.006373707,-0.013815142,0.999862492
1713723423790947072.000000,12.612632751,385.661041260,22.682020187,0.008343142,-0.006095838,-0.014303434,0.999844372
1713723423824261632.000000,12.617873192,386.504852295,22.765855789,0.006863085,-0.006407772,-0.014733104,0.999847412
1713723423857576192.000000,11.361515045,402.229187012,22.886754990,0.007450754,-0.008040699,-0.015366198,0.999821901
1713723423890890240.000000,11.374199867,403.082611084,22.975553513,0.008258228,-0.006854573,-0.015921406,0.999815643
1713723423924203520.000000,11.385456085,403.933715820,23.064191818,0.009035064,-0.007752546,-0.015833043,0.999803782
1713723423957516800.000000,11.407515526,404.978729248,23.160207748,0.007537731,-0.007091925,-0.016246807,0.999814451
1713723423990829824.000000,11.418220520,405.843109131,23.249950409,0.007195730,-0.007380270,-0.016224220,0.999815226
1713723424024142848.000000,11.429113388,406.704101562,23.340513229,0.008602677,-0.007219551,-0.016435374,0.999801934
1713723424057455104.000000,11.424814224,407.780517578,23.426170349,0.008952752,-0.006781211,-0.016634952,0.999798596
1713723424090766848.000000,11.435298920,408.654327393,23.514738083,0.007358356,-0.007020598,-0.016727285,0.999808431
1713723424124078848.000000,11.445712090,409.524291992,23.604314804,0.008350081,-0.006970396,-0.016769443,0.999800205
1713723424157389824.000000,12.950370789,397.670104980,23.676712036,0.009055087,-0.005914704,-0.016066937,0.999812484
1713723424190701312.000000,12.959278107,398.549621582,23.765758514,0.007314424,-0.006422483,-0.016062561,0.999823630
1713723424224022272.000000,12.968571663,399.427459717,23.854751587,0.006487675,-0.006683121,-0.016240293,0.999824762
1713723424257342720.000000,10.675547600,419.529479980,23.846220016,0.012039553,-0.007003643,-0.017592380,0.999748230
1713723424290662912.000000,10.691676140,420.422698975,23.940793991,0.012823545,-0.006879250,-0.017729064,0.999736965
1713723424323983104.000000,10.707345009,421.317687988,24.035055161,0.009558805,-0.007814988,-0.017701605,0.999767065
1713723424357302784.000000,10.725200653,422.371307373,24.126869202,0.010266674,-0.006982943,-0.018013073,0.999760687
1713723424390622976.000000,10.736976624,423.270324707,24.219783783,0.011953478,-0.006871936,-0.017962934,0.999743640
1713723424423941888.000000,10.747432709,424.168548584,24.312017441,0.010942659,-0.007574724,-0.018096184,0.999747694
1713723424457260544.000000,10.762796402,425.361541748,24.414966583,0.009645940,-0.007395782,-0.018055862,0.999763131
1713723424490579456.000000,10.781128883,426.273040771,24.508049011,0.010269292,-0.007203193,-0.018268591,0.999754429
1713723424523897088.000000,10.798627853,427.179992676,24.601394653,0.013329448,-0.007652911,-0.018342903,0.999713659
1713723424557214976.000000,10.841782570,428.398284912,24.707002640,0.010509593,-0.006779999,-0.018690871,0.999747157
1713723424590533120.000000,10.859169006,429.319000244,24.801448822,0.009429655,-0.007424326,-0.018806351,0.999751091
1713723424623849984.000000,10.877397537,430.235382080,24.896921158,0.010722565,-0.006322671,-0.019164296,0.999738872
1713723424657166848.000000,11.832369804,425.893920898,25.079168320,0.010393263,-0.006775128,-0.018297080,0.999755681
1713723424690483456.000000,11.847519875,426.819854736,25.171951294,0.008255873,-0.006616415,-0.018595293,0.999771178
1713723424723800064.000000,11.862012863,427.742523193,25.265024185,0.007922092,-0.007233991,-0.018621830,0.999769032
1713723424757116416.000000,9.595221519,440.952056885,25.033727646,0.013115084,-0.007162176,-0.020469140,0.999678791
1713723424790431744.000000,9.615053177,441.885864258,25.134607315,0.012576517,-0.006510502,-0.020787917,0.999683678
1713723424823747072.000000,9.633919716,442.819366455,25.235397339,0.010798870,-0.007632235,-0.020802435,0.999696195
1713723424857062656.000000,9.653744698,443.851745605,25.324985504,0.011673579,-0.006637640,-0.021337004,0.999682188
1713723424890376960.000000,9.669093132,444.788757324,25.423831940,0.014009127,-0.007406398,-0.021001844,0.999653876
1713723424923691520.000000,9.685655594,445.726806641,25.521781921,0.011783004,-0.006585925,-0.021384101,0.999680221
1713723424957005824.000000,9.729118347,447.100463867,25.637495041,0.010646681,-0.007045389,-0.021433113,0.999688745
1713723424990319616.000000,9.752027512,448.040679932,25.734560013,0.011562227,-0.006381283,-0.021785796,0.999675512
1713723425023632640.000000,9.774337769,448.978118896,25.831108093,0.013320605,-0.006586228,-0.022055481,0.999646306
1713723425056945920.000000,9.793573380,450.037567139,25.940382004,0.011287867,-0.006050692,-0.022359163,0.999668002
1713723425090259200.000000,9.813332558,450.981719971,26.039287567,0.010607437,-0.006494701,-0.022265131,0.999674737
1713723425123571968.000000,9.833825111,451.921966553,26.139148712,0.012863336,-0.006177209,-0.022572234,0.999643445
1713723425156883712.000000,8.557408333,457.922302246,25.972957611,0.013048651,-0.005858969,-0.024003210,0.999609590
1713723425190208512.000000,8.579462051,458.868225098,26.073062897,0.011263416,-0.006424933,-0.024002450,0.999627829
1713723425223528960.000000,8.602288246,459.809600830,26.174236298,0.012643322,-0.005218022,-0.024586551,0.999604106
1713723425256848896.000000,9.935537338,456.339691162,26.584049225,0.013524057,-0.005504275,-0.023212602,0.999623954
1713723425290168576.000000,9.958010674,457.289916992,26.685686111,0.011587166,-0.004952824,-0.023694184,0.999639809
1713723425323487488.000000,9.979751587,458.237182617,26.787258148,0.011717474,-0.005608460,-0.023834886,0.999631584
1713723425356806656.000000,8.693668365,464.162750244,26.635072708,0.012734341,-0.004426498,-0.025515748,0.999583542
1713723425390125568.000000,8.717047691,465.119842529,26.739093781,0.013338530,-0.005496651,-0.025600417,0.999568224
1713723425423443456.000000,8.742211342,466.076721191,26.842784882,0.011841078,-0.004441207,-0.026135355,0.999578476
1713723425456761344.000000,8.774834633,467.058502197,26.931035995,0.011112647,-0.005025636,-0.025948325,0.999588907
1713723425490079488.000000,8.801183701,468.020050049,27.036781311,0.012447410,-0.004813464,-0.025885656,0.999575853
1713723425523396608.000000,8.827996254,468.980407715,27.142168045,0.011694993,-0.004126767,-0.025913347,0.999587297
1713723425556713472.000000,7.039083958,476.027679443,26.797037125,0.011714286,-0.005126154,-0.027612006,0.999536991
1713723425590030080.000000,7.068480968,477.009185791,26.905824661,0.012366135,-0.005052140,-0.027373206,0.999536097
1713723425623346688.000000,7.098131657,477.986968994,27.014841080,0.014024829,-0.004601775,-0.027078470,0.999524415
1713723425656663040.000000,7.127253056,479.056213379,27.136356354,0.011548814,-0.005214652,-0.026971903,0.999555945
1713723425689978368.000000,7.156253815,480.043426514,27.247102737,0.010892857,-0.005989609,-0.026883794,0.999561310
1713723425723293696.000000,7.185458660,481.026000977,27.359422684,0.013511872,-0.006160118,-0.026629984,0.999535084
1713723425756609024.000000,7.200363159,482.196228027,27.489446640,0.013641317,-0.005400162,-0.026563395,0.999539495
1713723425789923584.000000,7.228184700,483.185119629,27.601745605,0.011213524,-0.006450256,-0.026020167,0.999577761
1713723425823237888.000000,7.256276608,484.169830322,27.714122772,0.012013017,-0.005755076,-0.025696188,0.999581099
1713723425856552192.000000,6.517197132,487.511291504,27.589282990,0.015484576,-0.006375566,-0.025152076,0.999543428
1713723425889865984.000000,6.546196938,488.504394531,27.705387115,0.014593299,-0.006014143,-0.023765653,0.999592960
1713723425923179264.000000,6.575043201,489.498016357,27.820898056,0.011837782,-0.006122886,-0.021838028,0.999672711
1713723425956492544.000000,8.950192451,483.548248291,28.757503510,0.010119601,-0.005897243,-0.017508907,0.999778152
1713723425989805312.000000,8.970552444,484.543487549,28.869997025,0.012638544,-0.005626363,-0.015165520,0.999789298
1713723426023117312.000000,8.991146088,485.539947510,28.982084274,0.009945914,-0.004544783,-0.012243871,0.999865234
1713723426056429312.000000,5.878832340,496.008270264,28.011646271,0.011507300,-0.006327997,-0.011035286,0.999852955
1713723426089741568.000000,5.900567055,497.007232666,28.130104065,0.012986319,-0.006062641,-0.006616782,0.999875486
1713723426123052544.000000,5.922585964,498.002929688,28.248168945,0.014035003,-0.005200132,-0.002282963,0.999885380
1713723426156363776.000000,5.893604279,499.238281250,28.391799927,0.010449064,-0.006440437,0.002276278,0.999922156
1713723426189674496.000000,5.912204742,500.257965088,28.511754990,0.010087472,-0.006965803,0.007536445,0.999896526
1713723426222994688.000000,5.932380199,501.273773193,28.632541656,0.012240483,-0.006145359,0.012031168,0.999833882
1713723426356273920.000000,8.663051605,497.713531494,30.388925552,0.006018456,-0.006489306,0.033753201,0.999391019
1713723426389592832.000000,8.670270920,498.733917236,30.507535934,0.005920679,-0.007194277,0.039504398,0.999176025
1713723426422911488.000000,8.678339958,499.751464844,30.626798630,0.006956916,-0.007049475,0.044193361,0.998973966
1713723426456229376.000000,4.501296997,513.144592285,28.796436310,0.011501388,-0.007709428,0.045846637,0.998852551
1713723426489547264.000000,4.514640808,514.179443359,28.926187515,0.009015196,-0.008876449,0.050957698,0.998620749
1713723426522865408.000000,4.528315067,515.209533691,29.056222916,0.009755700,-0.008741723,0.055592675,0.998367608
1713723426556182272.000000,4.521265030,516.422851562,29.203929901,0.010597778,-0.008472384,0.060959525,0.998048007
1713723426589499136.000000,4.521302700,517.472839355,29.337242126,0.008932848,-0.009770228,0.066303089,0.997711718
1713723426622815488.000000,4.522125244,518.520385742,29.470729828,0.008598133,-0.009646959,0.071469180,0.997359097
1713723426656132096.000000,4.542186737,519.770202637,29.605234146,0.009669907,-0.010135052,0.076910309,0.996939659
1713723426689448192.000000,4.541812420,520.821228027,29.742025375,0.008788618,-0.010317827,0.082706913,0.996481776
1713723426722763776.000000,4.539544582,521.871215820,29.879058838,0.007373202,-0.012424061,0.088176996,0.996000051
1713723426756078848.000000,4.501352787,523.317871094,30.025363922,0.007855119,-0.011793873,0.092992947,0.995565951
1713723426789394432.000000,4.503653526,524.375305176,30.160810471,0.007699938,-0.013210468,0.098412693,0.995028257
1713723426822708480.000000,4.507065773,525.430419922,30.296127319,0.008481977,-0.013042992,0.103728227,0.994484007
1713723426856022784.000000,4.468685150,527.376586914,30.449604034,0.007804730,-0.013294537,0.109659292,0.993849754
1713723426889336832.000000,4.469289780,528.447326660,30.586570740,0.007796377,-0.014057055,0.115312651,0.993199170
1713723426922650880.000000,4.470763683,529.516235352,30.723827362,0.007989257,-0.014009126,0.120939203,0.992528975
1713723426955964160.000000,2.434219837,534.804016113,29.602373123,0.012451363,-0.014377307,0.125997916,0.991848171
1713723426989277440.000000,2.437634945,535.883300781,29.744607925,0.011127625,-0.013465400,0.131488726,0.991163790
1713723427022589696.000000,2.438529491,536.960144043,29.886812210,0.010453208,-0.016029119,0.137826771,0.990271509
1713723427055901952.000000,2.438719749,538.082458496,30.029975891,0.010498958,-0.014279366,0.142863303,0.989583790
1713723427089214208.000000,2.427014828,539.450256348,30.189588547,0.012160615,-0.016064242,0.149665132,0.988531470
1713723427122526208.000000,2.427757263,540.536926270,30.331834793,0.010878741,-0.014853937,0.155726388,0.987628639
1713723427155837184.000000,2.425825119,541.622741699,30.474285126,0.009487008,-0.017181966,0.161980733,0.986598790
1713723427189149696.000000,1.173531532,545.200805664,29.831182480,0.011108348,-0.013340643,0.168224320,0.985595882
1713723427222470400.000000,1.169296265,546.295898438,29.974884033,0.011158525,-0.013708701,0.174606070,0.984479725
1713723427255790592.000000,1.164913177,547.387451172,30.117883682,0.013201346,-0.014080390,0.180487558,0.983387887
1713723427289111040.000000,1.178176880,548.671997070,30.280929565,0.009902009,-0.014094939,0.186127454,0.982374609
1713723427322430976.000000,1.181005478,549.772277832,30.425952911,0.010616350,-0.015750326,0.192714795,0.981070995
1713723427355750912.000000,1.185440063,550.871459961,30.571989059,0.009681880,-0.014705388,0.198115170,0.980020642
1713723427389070080.000000,1.136167526,552.495666504,30.702539444,0.011825113,-0.015476912,0.205006197,0.978566885
1713723427422388480.000000,1.130245209,553.638061523,30.847515106,0.009001397,-0.015143573,0.210949078,0.977338314
1713723427455707648.000000,1.122734070,554.777038574,30.992622375,0.009076067,-0.017721610,0.216961920,0.975977004
1713723427489025536.000000,-0.903322220,559.023986816,29.995273590,0.010195811,-0.013018198,0.222580791,0.974774063
1713723427522343680.000000,-0.907831192,560.157714844,30.144668579,0.010326416,-0.013724603,0.229009911,0.973272622
1713723427555661312.000000,-0.912687302,561.290649414,30.294010162,0.008745918,-0.013975829,0.234758466,0.971913934
1713723427588978432.000000,1.186204910,558.972412109,31.627887726,0.009577472,-0.017717130,0.239247173,0.970749795
1713723427622295296.000000,0.559730530,561.832824707,31.682668686,0.007061098,-0.017030649,0.246804610,0.968889952
1713723427655611904.000000,0.554798126,562.964599609,31.831727982,0.007145634,-0.019097470,0.252986103,0.967254996
1713723427688928256.000000,0.552162170,564.094848633,31.981281281,0.007206264,-0.017368905,0.258338690,0.965871453
1713723427722244864.000000,-2.877498627,569.990600586,30.062225342,0.010378340,-0.014571197,0.263893008,0.964386106
1713723427755560448.000000,-2.880878448,571.121887207,30.217046738,0.009138345,-0.014571443,0.269607514,0.962816775
1713723427788875520.000000,-2.883743286,572.248596191,30.373003006,0.010580285,-0.015237518,0.275636107,0.961083114
1713723427822190848.000000,0.598751068,568.937744141,32.545925140,0.008257170,-0.016212508,0.281965971,0.959251940
1713723427855505152.000000,0.596210480,570.100158691,32.694931030,0.006216868,-0.018695757,0.288291335,0.957340062
1713723427888819968.000000,0.594440460,571.259277344,32.844352722,0.006241765,-0.020112127,0.294411778,0.955446661
1713723427922134016.000000,-0.626838684,574.328735352,32.809879303,0.008688292,-0.016455516,0.300873548,0.953482509
1713723427955447552.000000,-0.639675140,575.504089355,32.957939148,0.008013238,-0.017783657,0.307384133,0.951385677
1713723427988760832.000000,-0.653968811,576.678771973,33.105743408,0.005895835,-0.019577637,0.313530564,0.949358046
1713723428022074112.000000,-0.841560364,578.175109863,33.214653015,0.007339015,-0.018718747,0.319740444,0.947291791
1713723428055387136.000000,-0.865127563,579.362365723,33.360797882,0.006231078,-0.017893074,0.326135814,0.945133030
1713723428088699392.000000,-0.892745972,580.548278809,33.506362915,0.003591198,-0.020867139,0.332732350,0.942783654
1713723428122011136.000000,0.077926636,580.226196289,33.842079163,0.004796757,-0.021914475,0.337409586,0.941090643
1713723428155323392.000000,-5.725502014,587.844238281,30.587471008,0.010022501,-0.012995660,0.343536556,0.938995957
1713723428188635904.000000,-5.758781433,589.052551270,30.738502502,0.007754665,-0.015672967,0.350096017,0.936550677
1713723428221957632.000000,-5.791656494,590.258056641,30.890483856,0.007781990,-0.017471850,0.356212735,0.934209108
1713723428255279872.000000,-6.048439026,591.753540039,31.014657974,0.009283053,-0.014547854,0.362376630,0.931872010
1713723428288601088.000000,-6.099975586,592.979187012,31.167064667,0.007253838,-0.017053068,0.369117409,0.929198027
1713723428321922304.000000,-6.151145935,594.201904297,31.319543839,0.007155275,-0.017939508,0.375543445,0.926603556
1713723428355243520.000000,-6.200447083,595.476135254,31.460477829,0.008494332,-0.017020598,0.381283611,0.924262464
1713723428388563968.000000,-6.677368164,597.029235840,31.541425705,0.007827995,-0.018209979,0.388209820,0.921357870
1713723428421884416.000000,-6.729797363,598.264648438,31.690320969,0.006782850,-0.018649757,0.394472092,0.918693662
1713723428455204352.000000,-6.781478882,599.496276855,31.840570450,0.007864380,-0.019272134,0.400859207,0.915903211
1713723428488524032.000000,-6.883361816,600.788146973,31.976581573,0.008384077,-0.017795116,0.406781256,0.913313806
1713723428521842944.000000,-7.583358765,602.405029297,31.972068787,0.007600159,-0.020425051,0.413087785,0.910430431
1713723428555161856.000000,-7.651885986,603.652465820,32.118240356,0.007683771,-0.019661084,0.419035673,0.907724440
1713723428588481024.000000,-7.720443726,604.897338867,32.265003204,0.007903538,-0.020271791,0.425327122,0.904778063
1713723428621798912.000000,-7.236434937,605.879028320,32.568843842,0.008368854,-0.020727172,0.431909651,0.901639879
1713723428655117568.000000,-13.182174683,613.307617188,30.059144974,0.012581361,-0.017676739,0.433806002,0.900745034
1713723428688435200.000000,-13.250381470,614.560791016,30.214839935,0.013149712,-0.019941418,0.440370411,0.897498369
1713723428721752064.000000,-13.316818237,615.814208984,30.370525360,0.012233946,-0.018977985,0.446404219,0.894546509
1713723428755069184.000000,-8.968231201,611.868225098,32.704872131,0.010093667,-0.022964045,0.457455754,0.888878584
1713723428788386304.000000,-9.062377930,613.129760742,32.849945068,0.009129252,-0.021636963,0.463622153,0.885721803
1713723428821702656.000000,-9.159103394,614.387817383,32.995319366,0.008791656,-0.024352353,0.470757306,0.881882727
1713723428855018752.000000,-9.286026001,615.669006348,33.136943817,0.007954992,-0.023234770,0.477025986,0.878546119
1713723428888335104.000000,-16.428024292,623.846679688,29.969791412,0.016219020,-0.019865990,0.478199393,0.877876878
1713723428921650176.000000,-16.512588501,625.106628418,30.124534607,0.018217236,-0.018353611,0.484579206,0.874365151
1713723428954965248.000000,-16.601364136,626.367065430,30.278739929,0.014988169,-0.020323604,0.491454810,0.870536923
1713723428988280576.000000,-10.390411377,621.095947266,33.582130432,0.009811024,-0.025699019,0.504139662,0.863184035
1713723429021594880.000000,-10.505187988,622.352294922,33.725013733,0.009181336,-0.023988290,0.510444820,0.859526873
1713723429054908928.000000,-10.619476318,623.604492188,33.867694855,0.011568413,-0.024777040,0.516875803,0.855623603
1713723429088222976.000000,-12.179779053,625.411010742,33.767269135,0.009951326,-0.025111733,0.520503044,0.853432477
1713723429121537024.000000,-12.306213379,626.672851562,33.908550262,0.011782516,-0.025252104,0.525407970,0.850394070
1713723429154850048.000000,-12.432159424,627.934265137,34.050621033,0.010551783,-0.024520233,0.529886067,0.847648680
1713723429188163840.000000,-12.796356201,629.334350586,34.108421326,0.012179693,-0.024984594,0.534225047,0.844885230
1713723429221488640.000000,-12.946929932,630.595825195,34.241291046,0.010844345,-0.024711456,0.538350582,0.842288792
1713723429254813440.000000,-13.096771240,631.853698730,34.374210358,0.012101761,-0.025356321,0.542648673,0.839489818
1713723429288138240.000000,-22.874176025,641.725585938,29.619831085,0.019132985,-0.018269300,0.538146675,0.842436016
1713723429321462272.000000,-23.005218506,642.992675781,29.761346817,0.020348851,-0.018635303,0.542346537,0.839701772
1713723429354786048.000000,-23.136383057,644.259643555,29.903223038,0.019205429,-0.017732261,0.545945466,0.837412834
1713723429388109568.000000,-24.637969971,646.115112305,29.506282806,0.019853501,-0.018426269,0.550099373,0.834659874
1713723429421433088.000000,-24.777770996,647.382507324,29.648017883,0.019661136,-0.017932951,0.554322958,0.831876159
1713723429454756096.000000,-24.916992188,648.647094727,29.789789200,0.020531213,-0.017401040,0.558349192,0.829169452
1713723429488078592.000000,-24.383880615,649.608642578,30.379652023,0.018317023,-0.018887579,0.563402414,0.825763643
1713723429521401088.000000,-24.527648926,650.881774902,30.512191772,0.018318914,-0.019507706,0.568077922,0.822539628
1713723429554723584.000000,-24.671325684,652.153137207,30.645626068,0.018415352,-0.019529996,0.572835863,0.819230437
1713723429588044800.000000,-26.108276367,652.352233887,30.612314224,0.020783752,-0.017847568,0.576872587,0.816374719
1713723429621366784.000000,-26.259826660,653.623474121,30.747531891,0.018225217,-0.019478768,0.582434893,0.812439620
1713723429654688000.000000,-26.410919189,654.890991211,30.882911682,0.018167375,-0.021247059,0.588365793,0.808111608
1713723429688008448.000000,-30.200744629,658.968566895,29.162117004,0.022655882,-0.016926587,0.592110038,0.805360794
1713723429721329408.000000,-30.348144531,660.235656738,29.300041199,0.022135083,-0.016817749,0.598018110,0.801000357
1713723429754649600.000000,-30.499572754,661.500000000,29.437334061,0.020280806,-0.020089120,0.604027331,0.796452224
1713723429787969792.000000,-28.479309082,659.188232422,31.263977051,0.017926287,-0.022222936,0.610717177,0.791333914
1713723429821289216.000000,-28.652832031,660.458007812,31.394304276,0.017955098,-0.022024095,0.616967559,0.786475480
1713723429854608896.000000,-28.828491211,661.724609375,31.524078369,0.017372586,-0.024411438,0.622978747,0.781664789
1713723429887928320.000000,-30.646575928,661.974609375,31.354831696,0.018152310,-0.023788571,0.626923740,0.778505862
1713723429921246720.000000,-30.836608887,663.240661621,31.487699509,0.018089063,-0.023764819,0.632870197,0.773681760
1713723429954565632.000000,-31.028869629,664.505065918,31.620420456,0.016640702,-0.025786875,0.638550580,0.768967748
1713723429987883520.000000,-31.941680908,665.249145508,31.678424835,0.017603381,-0.025618341,0.643942177,0.764442503
1713723430021201664.000000,-32.141479492,666.510742188,31.807445526,0.016858496,-0.025392650,0.649600923,0.759664237
1713723430054519296.000000,-32.342529297,667.769042969,31.935979843,0.016651673,-0.027471155,0.655314982,0.754672408
1713723430087836416.000000,-38.243347168,675.288330078,28.689899445,0.020998809,-0.021176726,0.659756958,0.750887096
1713723430121153536.000000,-38.458007812,676.550415039,28.826417923,0.022154676,-0.021429479,0.665339589,0.745904326
1713723430154467072.000000,-38.672302246,677.811523438,28.962245941,0.021545682,-0.021009890,0.670770586,0.741054118
1713723430187787264.000000,-33.363159180,672.875000000,32.460868835,0.016248150,-0.030582245,0.677594125,0.734620333
1713723430221107200.000000,-39.167480469,680.357238770,29.222307205,0.021062858,-0.023679193,0.681655645,0.730986476
1713723430254426624.000000,-33.835937500,675.399658203,32.723419189,0.017392220,-0.029939890,0.688583732,0.724329829
1713723430287746304.000000,-39.628540039,682.879516602,29.490322113,0.021822641,-0.024076164,0.692699432,0.720494092
1713723430321064960.000000,-39.861389160,684.136352539,29.623853683,0.021583742,-0.026248842,0.698345602,0.714953601
1713723430354383360.000000,-40.092224121,685.392639160,29.757936478,0.021897662,-0.024932083,0.703624308,0.709796965
1713723430387701760.000000,-40.324218750,686.646789551,29.892292023,0.021892745,-0.025586367,0.709181666,0.704221189
1713723430421019904.000000,-40.555603027,687.898559570,30.026290894,0.022621054,-0.025683373,0.714514375,0.698783219
1713723430454337024.000000,-35.261291504,682.924255371,33.512760162,0.017151106,-0.031477034,0.721122384,0.691879749
1713723430487654400.000000,-41.018920898,690.396972656,30.295223236,0.023503464,-0.025268137,0.725316048,0.687550604
1713723430520971520.000000,-41.252563477,691.642822266,30.429866791,0.022440385,-0.027295619,0.730478942,0.682020485
1713723430554287872.000000,-35.975402832,686.658874512,33.908866882,0.018332191,-0.033502936,0.736958861,0.674857855
1713723430587603968.000000,-41.716003418,694.129516602,30.699501038,0.022670366,-0.026347429,0.740709424,0.670925856
1713723430620920064.000000,-50.026977539,695.360778809,28.036172867,0.025306281,-0.020667374,0.743212104,0.668257654
1713723430654235904.000000,-42.181884766,696.605163574,30.968667984,0.023283878,-0.029267814,0.750695944,0.659588397
1713723430687550720.000000,-36.926757812,691.609497070,34.438186646,0.020217596,-0.034095671,0.756980002,0.652234614
1713723430720866048.000000,-42.644104004,699.074584961,31.239263535,0.024062026,-0.028059747,0.760335505,0.648477912
1713723430754180096.000000,-37.404418945,694.072082520,34.702754974,0.018709727,-0.037100643,0.766397953,0.641020894
1713723430787494400.000000,-37.103576660,695.860595703,34.898002625,0.018227687,-0.035809811,0.771198153,0.635325789
1713723430820808704.000000,-43.341003418,702.760375977,31.645261765,0.024999399,-0.029627174,0.774309158,0.631619036
1713723430854122240.000000,-43.573669434,703.984741211,31.780359268,0.024198383,-0.030133869,0.778682411,0.626226842
1713723430887435264.000000,-37.822143555,699.529479980,35.296741486,0.018887490,-0.037555248,0.784857452,0.618248940
1713723430920748288.000000,-57.142517090,705.695251465,27.648880005,0.027918594,-0.017006544,0.784217119,0.619624734
1713723430954060544.000000,-57.348144531,706.875549316,27.782817841,0.027377583,-0.018973557,0.788730204,0.613836467
1713723430987372800.000000,-57.552429199,708.047729492,27.918460846,0.028145619,-0.020545451,0.793179452,0.607990146
1713723431020684800.000000,-58.911865234,708.197753906,27.968402863,0.029214047,-0.017529994,0.796705484,0.603406787
1713723431053996032.000000,-59.510925293,709.013305664,28.074382782,0.028792191,-0.017617015,0.800797343,0.597983599
1713723431087307776.000000,-60.117004395,709.817016602,28.179155350,0.028043250,-0.020884750,0.804986775,0.592261493
1713723431120617984.000000,-60.725463867,710.611328125,28.284908295,0.029603390,-0.021027446,0.808983982,0.586708188
1713723431153928704.000000,-61.337463379,711.399169922,28.390594482,0.029145077,-0.017412214,0.812825382,0.581517220
1713723431187241216.000000,-61.957214355,712.173583984,28.494350433,0.028140681,-0.021276027,0.816843510,0.575779676
1713723431220562432.000000,-62.582458496,712.936035156,28.597782135,0.028691653,-0.024781253,0.820763826,0.570008278
1713723431253884160.000000,-63.209167480,713.691711426,28.702297211,0.029333552,-0.022828786,0.824712992,0.564328730
1713723431287204864.000000,-63.842773438,714.437622070,28.805866241,0.027320318,-0.024004221,0.828211308,0.559234738
1713723431320525056.000000,-67.131591797,718.259277344,27.107326508,0.028731832,-0.023174345,0.833548486,0.551211774
1713723431353844992.000000,-67.775146484,718.980468750,27.210407257,0.029161319,-0.021504462,0.837148547,0.545774281
1713723431387165184.000000,-68.422851562,719.692687988,27.312595367,0.028229062,-0.021213889,0.840637445,0.540445983
1713723431420484864.000000,-69.710144043,721.171875000,26.965946198,0.028396014,-0.024791688,0.844681859,0.533939779
1713723431453803776.000000,-70.371887207,721.854736328,27.066753387,0.030052675,-0.025634348,0.848411858,0.527860820
1713723431487122688.000000,-71.037109375,722.531250000,27.167839050,0.028734086,-0.022845745,0.851731479,0.522691071
1713723431520441344.000000,-71.917358398,723.058593750,27.213592529,0.028049149,-0.026687948,0.855237424,0.516788185
1713723431553759488.000000,-72.598449707,723.702087402,27.307977676,0.029663488,-0.027966797,0.858595729,0.511029661
1713723431587077376.000000,-73.281860352,724.338928223,27.402919769,0.028753649,-0.024744272,0.861638844,0.506102324
1713723431620395264.000000,-73.281005859,724.176757812,27.911254883,0.027303945,-0.030628711,0.865221977,0.499707341
1713723431653712384.000000,-75.831115723,727.596130371,26.627336502,0.029427711,-0.029184218,0.869014204,0.493048370
1713723431687029248.000000,-76.535644531,728.189025879,26.716186523,0.029646698,-0.026699241,0.871600091,0.488591313
1713723431720345856.000000,-77.244689941,728.770629883,26.803749084,0.029093357,-0.027279167,0.873986721,0.484310567
1713723431753662464.000000,-77.995910645,729.312438965,26.892623901,0.028840832,-0.031729251,0.876293778,0.479865372
1713723431786978304.000000,-79.390808105,731.033935547,26.428056717,0.029942833,-0.030272841,0.877817035,0.477099895
1713723431820293632.000000,-80.123901367,731.575439453,26.517379761,0.028640766,-0.028277365,0.878862679,0.475374162
1713723431853608960.000000,-80.861877441,732.102905273,26.604934692,0.028489433,-0.032080740,0.879570007,0.473831117
1713723431886924032.000000,-81.645263672,732.588989258,26.695354462,0.028147861,-0.032597899,0.880666614,0.471774876
1713723431920238848.000000,-82.401550293,733.085815430,26.784793854,0.028242648,-0.031368136,0.881121874,0.471001863
1713723431953552896.000000,-83.161254883,733.570617676,26.872657776,0.028919490,-0.033493157,0.881345034,0.470396459
1713723431986867200.000000,-84.815551758,735.869995117,26.122177124,0.029023234,-0.033645242,0.882910192,0.467434853
1713723432020181248.000000,-85.583984375,736.329284668,26.210254669,0.029467437,-0.032523632,0.883547366,0.466281086
1713723432053494528.000000,-86.353942871,736.778015137,26.298259735,0.030375032,-0.031524152,0.884099960,0.465242833
1713723432086807808.000000,-87.154785156,737.191772461,26.381887436,0.029588377,-0.034377694,0.884674370,0.463997960
1713723432120120320.000000,-87.941650391,737.608032227,26.467061996,0.029672159,-0.036446005,0.885144651,0.462936521
1713723432153432320.000000,-88.730957031,738.014892578,26.553163528,0.030432895,-0.034797549,0.885626793,0.462091148
1713723432186744576.000000,-89.521118164,738.412170410,26.639148712,0.031119470,-0.032656491,0.886324763,0.460861772
1713723432220066304.000000,-90.317565918,738.795959473,26.723596573,0.029907558,-0.035355747,0.886767685,0.459889770
1713723432253388288.000000,-92.182006836,741.699951172,25.694549561,0.031652529,-0.033469047,0.888180137,0.457180440
1713723432286709760.000000,-92.984252930,742.059082031,25.782264709,0.032490794,-0.031106710,0.888767362,0.456146330
1713723432320030976.000000,-93.788024902,742.407714844,25.868371964,0.032655962,-0.030513763,0.889128447,0.455470413
1713723432353351936.000000,-93.624694824,740.130126953,27.022827148,0.030272141,-0.035735041,0.888745070,0.456003129
1713723432386672384.000000,-95.441894531,743.032653809,26.024276733,0.031729892,-0.032743510,0.890229106,0.453225285
1713723432419992320.000000,-96.263061523,743.338012695,26.106653214,0.032348033,-0.031233963,0.890734196,0.452294856
1713723432453312256.000000,-97.087280273,743.630859375,26.187828064,0.032196023,-0.031568374,0.891187251,0.451389134
1713723432486631936.000000,-96.912719727,741.339660645,27.340320587,0.031263232,-0.035399824,0.890596330,0.452335745
1713723432519950592.000000,-98.744628906,744.182495117,26.349609375,0.031986084,-0.032192882,0.891916811,0.449916542
1713723432553269760.000000,-99.574951172,744.441650391,26.430541992,0.033562589,-0.030902352,0.892346203,0.449039847
1713723432586588416.000000,-101.592895508,747.989562988,25.129047394,0.033887025,-0.028670724,0.893951654,0.445959717
1713723432619906304.000000,-102.431457520,748.219238281,25.211517334,0.034585923,-0.030048668,0.894322515,0.445071042
1713723432653224448.000000,-103.271484375,748.439331055,25.295120239,0.035369687,-0.028613593,0.894622266,0.444501072
1713723432686542336.000000,-104.119873047,748.654541016,25.373870850,0.036590148,-0.026583729,0.895174623,0.443415076
1713723432719859712.000000,-104.968994141,748.852416992,25.454879761,0.035019357,-0.028779235,0.895529330,0.442687929
1713723432753176576.000000,-105.730712891,749.349426270,25.357360840,0.036295846,-0.028544039,0.895777583,0.442097753
1713723432786493184.000000,-106.582031250,749.526489258,25.441009521,0.037645433,-0.025484977,0.896205783,0.441303313
1713723432819809536.000000,-107.435241699,749.692016602,25.522964478,0.038732771,-0.024855256,0.896622837,0.440397024
1713723432853125632.000000,-108.299804688,749.850341797,25.592712402,0.036520980,-0.028410910,0.896857619,0.439892590
1713723432886440960.000000,-109.161560059,749.994140625,25.670463562,0.037111811,-0.028108209,0.897316873,0.438924968
1713723432919756288.000000,-111.200866699,753.155029297,24.536430359,0.040305179,-0.022522986,0.899127007,0.435245872
1713723432953071360.000000,-112.066650391,753.272094727,24.616222382,0.039327931,-0.024139255,0.899489701,0.434498608
1713723432986386176.000000,-112.936950684,753.375000000,24.695503235,0.038693231,-0.026897371,0.899885058,0.433573961
1713723433019700480.000000,-112.579833984,750.529846191,25.955665588,0.038598225,-0.025756061,0.898995578,0.435492605
1713723433053014528.000000,-114.592285156,753.928100586,24.641563416,0.040523700,-0.021568567,0.900808096,0.431784034
1713723433086328320.000000,-115.462158203,754.005493164,24.717102051,0.039835565,-0.024661660,0.901040196,0.431197762
1713723433119641856.000000,-116.333129883,754.072937012,24.792190552,0.040376741,-0.024852159,0.901475549,0.430225492
1713723433152954880.000000,-117.190551758,754.171325684,24.852165222,0.041533463,-0.022044182,0.902037501,0.429089129
1713723433186267136.000000,-118.103088379,753.944458008,25.095718384,0.041893423,-0.022596896,0.902520359,0.428008646
1713723433219586048.000000,-118.934753418,754.275268555,24.990840912,0.040954072,-0.024882078,0.903007627,0.426943779
1713723433252905216.000000,-119.831237793,755.265625000,24.650039673,0.041807003,-0.022850811,0.904130697,0.424591333
1713723433286223104.000000,-120.706420898,755.288574219,24.721858978,0.043571226,-0.019988805,0.904981971,0.422740757
1713723433319541248.000000,-121.586059570,755.298950195,24.792205811,0.042471260,-0.021853417,0.905640960,0.421346843
1713723433352858880.000000,-123.964477539,758.185424805,23.726322174,0.042901844,-0.021579713,0.907628059,0.417019248
1713723433386175744.000000,-124.843017578,758.186157227,23.787136078,0.043305576,-0.019892663,0.908330262,0.415529788
1713723433419492864.000000,-125.721679688,758.176879883,23.847599030,0.044308878,-0.017134815,0.909147024,0.413756996
1713723433452809216.000000,-126.593139648,758.206909180,23.870071411,0.042442836,-0.020882607,0.909754097,0.412444025
1713723433486125824.000000,-127.474548340,758.188842773,23.916839600,0.042851258,-0.021646291,0.910469234,0.410780966
1713723433519441664.000000,-128.523315430,758.894042969,23.734249115,0.043801237,-0.016799986,0.911350012,0.408950478
1713723433552756992.000000,-129.405639648,758.854370117,23.782661438,0.043751229,-0.016868712,0.911951542,0.407609820
1713723433586072320.000000,-130.293945312,758.800720215,23.830547333,0.042578630,-0.020305574,0.912504971,0.406336695
1713723433619387136.000000,-131.021057129,758.132446289,23.999649048,0.043498829,-0.018140137,0.912963510,0.405310303
1713723433652701952.000000,-132.071899414,758.724731445,23.870357513,0.044260051,-0.015479536,0.913870156,0.403290063
1713723433686015744.000000,-132.963989258,758.652465820,23.903892517,0.043491475,-0.017870158,0.914446235,0.401966870
1713723433719329792.000000,-133.980102539,759.211975098,23.761634827,0.044092048,-0.017906189,0.915160656,0.400270283
1713723433752643328.000000,-134.875488281,759.117126465,23.796951294,0.043560531,-0.016079128,0.915834963,0.398861349
1713723433785956352.000000,-135.770141602,759.011291504,23.832130432,0.045042578,-0.014499277,0.916593492,0.397010505
1713723433819269120.000000,-136.657287598,758.951416016,23.840938568,0.043302491,-0.017020434,0.917053342,0.396040916
1713723433852581632.000000,-139.030883789,761.596191406,22.755882263,0.045009173,-0.014678537,0.919020116,0.391357630
1713723433885894144.000000,-139.926513672,761.468688965,22.787040710,0.045412030,-0.012781143,0.919761181,0.389633060
1713723433919205632.000000,-140.822448730,761.329223633,22.817050934,0.045749549,-0.012371747,0.920407534,0.388077170
1713723433952517376.000000,-141.733703613,761.258483887,22.801025391,0.044961646,-0.014679997,0.921150804,0.386321396
1713723433985828096.000000,-142.854431152,761.655517578,22.693870544,0.045648593,-0.013666421,0.922336817,0.383437514
1713723434019138816.000000,-143.755859375,761.507568359,22.709373474,0.046980828,-0.011023611,0.923503935,0.380541623
1713723434052449792.000000,-144.661193848,761.346069336,22.723548889,0.045847926,-0.012882829,0.924788713,0.377489090
1713723434085760000.000000,-145.584960938,761.254516602,22.732688904,0.046664424,-0.014369635,0.925972700,0.374420196
1713723434119069440.000000,-146.602050781,761.341064453,22.724105835,0.046711788,-0.011809915,0.927463710,0.370796025
1713723434152378880.000000,-147.514221191,761.173339844,22.737632751,0.047709819,-0.009949833,0.928807676,0.367343217
1713723434185651712.000000,-148.429443359,760.990844727,22.750457764,0.046712775,-0.013304175,0.930056810,0.364191294
1713723434219182080.000000,-149.123535156,760.304687500,22.804855347,0.047492713,-0.013023466,0.931108773,0.361401916
1713723434252714752.000000,-151.276977539,762.449157715,21.950767517,0.049049348,-0.009591430,0.933542490,0.354965776
1713723434286249728.000000,-152.205017090,762.241943359,21.956142426,0.048561692,-0.010612696,0.934888899,0.351442605
1713723434319787008.000000,-153.136352539,762.020263672,21.960968018,0.048141629,-0.013580531,0.936210036,0.347863197
1713723434353327104.000000,-153.104736328,760.029785156,22.752399445,0.048597209,-0.012368945,0.936673284,0.346595556
1713723434386869760.000000,-155.133483887,761.880310059,21.904655457,0.050021008,-0.008709282,0.938949406,0.340288401
1713723434420414208.000000,-156.074584961,761.641601562,21.910758972,0.049360450,-0.011866034,0.940353215,0.336390555
1713723434453961728.000000,-157.015869141,761.390136719,21.916931152,0.050282151,-0.013122350,0.941672385,0.332494557
1713723434487511040.000000,-157.940185547,761.055297852,21.975727081,0.049724314,-0.009896785,0.942873478,0.329270661
1713723434521063680.000000,-159.019714355,761.310668945,21.866878510,0.050741099,-0.009613006,0.944413126,0.324679524
1713723434554618112.000000,-159.975708008,761.048706055,21.869388580,0.050001252,-0.011230647,0.945758939,0.320801765
1713723434588175616.000000,-160.930419922,760.775451660,21.871639252,0.051316090,-0.011112928,0.947153687,0.316454023
1713723434621735168.000000,-162.655029297,761.733154297,21.185829163,0.051291287,-0.008885235,0.948821425,0.311493486
1713723434655296768.000000,-163.615234375,761.445800781,21.190143585,0.052802071,-0.008897990,0.950160503,0.307128549
1713723434688861696.000000,-164.577453613,761.146850586,21.194942474,0.051937018,-0.008932263,0.951418340,0.303357899
1713723434722428672.000000,-164.817504883,759.715332031,21.835971832,0.053178027,-0.009777248,0.952257276,0.300470889
1713723434755997952.000000,-166.177124023,760.049316406,21.419845581,0.052897479,-0.008823186,0.953663349,0.296057910
1713723434789569280.000000,-167.142333984,759.726684570,21.416275024,0.054779768,-0.008315444,0.954900980,0.291708976
1713723434823143680.000000,-168.109375000,759.393066406,21.413581848,0.053907100,-0.008146971,0.956106424,0.287903190
1713723434856720384.000000,-168.708923340,758.546386719,21.729076385,0.054956719,-0.008627117,0.957068384,0.284474224
1713723434890299904.000000,-170.266052246,759.324829102,21.151428223,0.054929923,-0.007563323,0.958654106,0.279119700
1713723434923881216.000000,-171.231994629,758.966674805,21.139244080,0.055605695,-0.006358326,0.959832251,0.274935752
1713723434957465344.000000,-172.199096680,758.595947266,21.127433777,0.055041753,-0.006375074,0.960993767,0.270962805
1713723434991052032.000000,-173.910644531,759.381103516,20.568481445,0.056607485,-0.006395787,0.962347746,0.265784919
1713723435024640768.000000,-174.883605957,758.994628906,20.552810669,0.056931764,-0.006592959,0.963511288,0.261460066
1713723435058232576.000000,-175.855346680,758.597045898,20.537364960,0.057392623,-0.005358845,0.964507461,0.257687330
1713723435091826432.000000,-177.130004883,758.717285156,20.178733826,0.058055244,-0.004826039,0.965703070,0.253029674
1713723435125422592.000000,-178.106689453,758.304382324,20.165512085,0.058974162,-0.005282611,0.966731310,0.248847097
1713723435159021312.000000,-179.082275391,757.879699707,20.152893066,0.059865844,-0.004285187,0.967861950,0.244215146
1713723435192656896.000000,-180.214721680,757.760192871,19.958190918,0.060072880,-0.002569914,0.968854845,0.240218580
1713723435226013696.000000,-181.191894531,757.328735352,19.932346344,0.060305979,-0.003999859,0.969900787,0.235880703
1713723435259369728.000000,-182.167663574,756.884643555,19.905849457,0.061050873,-0.004166842,0.970917344,0.231462747
1713723435292726016.000000,-182.113464355,754.844665527,20.692371368,0.060663424,-0.002453387,0.971499622,0.229134217
1713723435326082816.000000,-184.282470703,756.322998047,19.664455414,0.062021609,-0.000727654,0.972885191,0.222816423
1713723435359438592.000000,-185.256530762,755.852478027,19.629608154,0.062861636,-0.003804237,0.973845124,0.218310803
1713723435392795392.000000,-186.228820801,755.372436523,19.595306396,0.062995210,-0.003011465,0.974708140,0.214398474
1713723435426151168.000000,-187.322143555,755.114990234,19.443679810,0.064297341,0.000441104,0.975429237,0.210721567
1713723435459507712.000000,-188.300415039,754.632202148,19.405891418,0.064112261,-0.000566035,0.976053298,0.207868606
1713723435492864256.000000,-189.277221680,754.135375977,19.367832184,0.064776205,-0.001940459,0.976662695,0.204768851
1713723435526220288.000000,-190.354614258,753.797973633,19.222515106,0.064817928,-0.000075191,0.977073729,0.202794403
1713723435559577088.000000,-191.338439941,753.293823242,19.178256989,0.065750629,0.001559734,0.977517068,0.200337037
1713723435592932864.000000,-192.322753906,752.774658203,19.133834839,0.065539710,-0.000453264,0.977987707,0.198102191
1713723435626289408.000000,-193.374694824,752.374633789,19.000751495,0.066296116,0.000822633,0.978323698,0.196180910
1713723435659645440.000000,-194.357299805,751.840270996,18.952888489,0.066109262,0.001654357,0.978653252,0.194588542
1713723435693001472.000000,-195.337219238,751.294067383,18.904109955,0.067367248,0.002742648,0.978961468,0.192584082
1713723435726358016.000000,-196.351196289,750.787170410,18.831375122,0.066701181,0.002416998,0.979275763,0.191217363
1713723435759714048.000000,-197.380126953,750.309448242,18.703956604,0.067746237,0.003233224,0.979503632,0.189664856
1713723435793070592.000000,-198.367492676,749.745422363,18.648117065,0.067658909,0.004654318,0.979959071,0.187298954
1713723435826426624.000000,-199.352661133,749.169433594,18.591350555,0.067785099,0.005688101,0.980278492,0.185544923
1713723435859782400.000000,-200.366088867,748.634765625,18.479412079,0.068106659,0.004286021,0.980648518,0.183498442
1713723435893138944.000000,-201.357116699,748.052001953,18.404754639,0.068735674,0.005320280,0.981009185,0.181295514
1713723435926494720.000000,-202.346374512,747.459838867,18.329746246,0.068903625,0.008273928,0.981388092,0.179056510
