1713723411075165696.000000,0.393733263,13.190073013,0.349242330,-0.000823708,0.001491241,0.001381580,0.999997616
1713723411108522496.000000,0.397569746,13.203239441,0.352218688,0.002376852,0.003154144,0.001560976,0.999991059
1713723411141878784.000000,0.392018497,13.189860344,0.355188757,0.000971049,0.001416733,0.002555627,0.999995291
1713723411175235840.000000,0.396283090,13.234391212,0.343933225,0.001174659,-0.000005660,0.002180095,0.999996960
1713723411208592128.000000,0.371221215,13.252583504,0.340183288,0.004944300,0.003157575,-0.001085011,0.999982238
1713723411241949440.000000,0.369268984,13.267283440,0.329959393,0.005825999,0.002802905,-0.001375171,0.999978185
1713723411275305472.000000,0.348590255,13.255500793,0.332950681,0.002978584,0.001170270,-0.001889390,0.999993086
1713723411308662528.000000,0.289088100,13.277883530,0.299974680,0.008757479,0.001687163,-0.009079956,0.999919057
1713723411342018816.000000,0.376290113,23.061222076,0.534913421,0.003635600,0.003047282,0.000464223,0.999988675
1713723411375375872.000000,0.291267306,13.335534096,0.302532971,0.010694844,0.004621798,-0.012048515,0.999859571
1713723411408732160.000000,0.420229822,23.103605270,0.557714224,-0.000252351,0.003585031,0.006235066,0.999974132
1713723411442088960.000000,0.406979799,23.123001099,0.551268697,0.001507563,0.003477090,0.004454014,0.999982953
1713723411475445248.000000,0.388261557,23.138416290,0.541518629,0.003121476,0.004192197,0.001784430,0.999984801
1713723411508802048.000000,0.368041962,23.153314590,0.532656252,0.004519310,0.003054691,-0.000560727,0.999984980
1713723411542158592.000000,0.486593425,23.197553635,0.607764721,-0.006620666,0.004479169,0.013551527,0.999876261
1713723411575515392.000000,0.354270458,13.467135429,0.356493890,0.005267818,0.005379160,-0.006274285,0.999952018
1713723411608871936.000000,1.015007734,34.227359772,0.907881320,0.003695261,0.003839763,0.000263197,0.999985814
1713723411642228480.000000,1.009957433,34.247627258,0.898173034,0.004213328,0.001301222,-0.000236886,0.999990284
1713723411675585024.000000,1.035308480,34.274131775,0.910621405,0.003576010,0.002014446,0.002432126,0.999988616
1713723411708941824.000000,1.014616370,34.282043457,0.909664094,0.004594371,0.002855408,-0.000074764,0.999985397
1713723411742298112.000000,1.003143072,34.295536041,0.907868803,0.004032520,0.001759505,-0.001318520,0.999989450
1713723411775654912.000000,1.007205248,34.315841675,0.899157882,0.005044484,0.001358040,-0.001119612,0.999985754
1713723411809011200.000000,1.007551908,34.329097748,0.901922584,0.005242046,0.000932427,-0.001173151,0.999985158
1713723411842368000.000000,0.990723848,34.345344543,0.905770838,0.005365459,0.001703905,-0.003647237,0.999977529
1713723411875724032.000000,1.219730139,44.313034058,1.114984512,0.004245981,0.002578413,-0.000064513,0.999987662
1713723411909081088.000000,1.217661262,44.331798553,1.117797256,0.003660049,0.002770685,-0.000192041,0.999989450
1713723411942437120.000000,1.215725780,44.347362518,1.119259119,0.004363517,0.003178761,-0.000550446,0.999985337
1713723411975793920.000000,1.214224458,44.362400055,1.108676910,0.005563714,0.003610570,-0.000899130,0.999977589
1713723412009150464.000000,1.215601325,44.372676849,1.113007784,0.004050239,0.003853171,-0.000404574,0.999984324
1713723412042507264.000000,1.203947902,44.386028290,1.110737920,0.004174965,0.002602730,-0.001831026,0.999986291
1713723412075863296.000000,1.211995840,44.412200928,1.110715508,0.005108429,0.003777335,-0.001218192,0.999979138
1713723412109220096.000000,1.196016312,44.415729523,1.105277181,0.004827139,0.002988761,-0.002950602,0.999979556
1713723412142576384.000000,1.632916093,55.183830261,1.462180853,0.002457614,0.003988837,0.000319876,0.999989033
1713723412175933184.000000,1.634842515,55.206165314,1.471293926,0.001454673,0.003067338,0.000689399,0.999994040
1713723412209289472.000000,0.330610335,13.696062088,0.338858902,0.007631800,0.003461051,-0.010239100,0.999912500
1713723412242646272.000000,0.356193781,13.713815689,0.346054882,0.005283631,0.003564016,-0.006714738,0.999957204
1713723412276002560.000000,0.342539340,13.738354683,0.342289865,0.005422364,0.001305704,-0.009072497,0.999943316
1713723412309359360.000000,0.324818164,13.748538017,0.346106291,0.007740299,0.001811725,-0.011522144,0.999902070
1713723412342715392.000000,0.321831912,13.756155968,0.340099871,0.007616579,0.003079262,-0.012021547,0.999894083
1713723412376072448.000000,0.329387814,13.781733513,0.335700989,0.004844058,0.001938644,-0.011232378,0.999923348
1713723412409428480.000000,1.477366567,63.979995728,1.394732118,0.000513628,0.001554123,-0.000995698,0.999998152
1713723412442785536.000000,1.484568954,64.000236511,1.387822628,0.003439636,0.002019168,-0.000046477,0.999992073
1713723412476141568.000000,0.354413539,13.798851013,0.351531774,0.003121984,0.004273047,-0.007532950,0.999957681
1713723412509498112.000000,1.486706614,64.039527893,1.391641378,-0.000300190,0.002195055,0.000454615,0.999997437
1713723412542854912.000000,1.490038753,64.054306030,1.395964265,0.000350103,0.001835711,0.000651926,0.999998093
1713723412576211200.000000,1.487268448,64.066734314,1.387218714,0.002156829,0.002799542,0.000390650,0.999993682
1713723412609568000.000000,1.483986259,64.084976196,1.385370731,0.000073836,0.001426086,-0.000101260,0.999998987
1713723412642924032.000000,1.479289770,64.093688965,1.388556838,-0.000449583,0.001496113,-0.000674512,0.999998569
1713723412676280832.000000,2.252802372,76.065582275,2.015611649,-0.001649567,0.002932418,0.000532980,0.999994218
1713723412709636864.000000,2.253678560,76.076416016,2.015526772,-0.002521500,0.003527620,0.000522412,0.999990523
1713723412742993664.000000,2.251571655,76.090881348,2.015458345,-0.003890975,0.002534013,0.000250649,0.999989212
1713723412776349696.000000,2.257854223,76.105308533,2.015476227,-0.004447181,0.002963463,0.000837264,0.999985397
1713723412809706496.000000,2.257609606,76.118484497,2.016887426,-0.004241349,0.002671165,0.000837685,0.999987066
1713723412843062528.000000,2.251120567,76.127380371,2.014933348,-0.004867573,0.003531311,-0.000268340,0.999981940
1713723412876419584.000000,2.254148722,76.140106201,2.013028860,-0.005567761,0.003137325,0.000200164,0.999979615
1713723412909775616.000000,2.252029896,76.159187317,2.018251896,-0.006786207,0.002922908,-0.000271247,0.999972761
1713723412943131904.000000,2.558443546,86.471611023,2.286810875,-0.005970268,0.002960302,-0.000026755,0.999977827
1713723412976488704.000000,2.553935051,86.486114502,2.285187721,-0.007912979,0.002493303,-0.000918095,0.999965191
1713723413009844736.000000,2.553660154,86.497505188,2.282610893,-0.007994737,0.002515539,-0.000587002,0.999964774
1713723413043201536.000000,2.556384802,86.510391235,2.285372496,-0.007428336,0.002141462,-0.000384731,0.999970078
1713723413076557568.000000,2.554592609,86.517646790,2.284546852,-0.007431938,0.003254486,-0.000744235,0.999966860
1713723413109913600.000000,2.554498911,86.533134460,2.285001516,-0.009006196,0.002167237,-0.000748402,0.999956846
1713723413143270144.000000,2.555048466,86.546920776,2.286043406,-0.009121260,0.002375942,-0.001025064,0.999955118
1713723413176627456.000000,0.395453274,13.921575546,0.373029858,-0.007906592,0.004080341,-0.003041599,0.999955833
1713723413209984000.000000,2.012580395,92.417243958,2.302680969,-0.009357107,0.002526811,-0.001112887,0.999952435
1713723413243341312.000000,2.011378288,92.421325684,2.307447195,-0.010388089,0.001158522,-0.001081401,0.999944806
1713723413276697600.000000,2.011549950,92.413505554,2.322529793,-0.011504377,0.002101399,-0.001328203,0.999930739
1713723413310054656.000000,0.400463194,13.889413834,0.416208416,-0.012303845,0.003022091,-0.001831722,0.999918103
1713723413343411968.000000,3.020162106,102.048133850,2.698009014,-0.010247099,0.001745152,-0.000519838,0.999945879
1713723413376768256.000000,1.011514068,68.249298096,0.679471612,-0.007764116,-0.000210193,-0.002855858,0.999965787
1713723413410125568.000000,0.537939727,83.809295654,0.038243208,-0.007168113,0.000053978,-0.003837937,0.999966979
1713723413443482112.000000,0.537936687,83.786712646,0.048476156,-0.004214909,-0.000801247,-0.003359903,0.999985158
1713723413476839168.000000,2.224765301,101.984947205,2.614356995,-0.008970135,0.001210738,-0.001003147,0.999958515
1713723413510195712.000000,2.226485729,101.963851929,2.624146223,-0.012876584,0.000722181,-0.000396500,0.999916792
1713723413543552512.000000,2.214812040,104.315902710,2.692130089,-0.010228813,0.001424870,-0.000570457,0.999946535
1713723413576909824.000000,2.217032433,104.286109924,2.704371452,-0.007892328,0.001843222,-0.000813047,0.999966860
1713723413610266112.000000,3.337452888,112.418815613,2.975505352,-0.011196748,0.001366497,0.000067322,0.999936461
1713723413643623168.000000,3.339307547,112.391487122,2.989693642,-0.012480557,0.000845601,0.000610246,0.999921560
1713723413676979712.000000,1.645776987,105.576614380,-0.013503170,-0.003691332,-0.000047937,-0.001752721,0.999991715
1713723413710336768.000000,1.648957253,105.563674927,0.004412765,-0.003872889,0.000267248,-0.001998155,0.999990523
1713723413743693056.000000,0.749205530,89.936798096,0.746657729,-0.007507002,0.000469169,-0.003353219,0.999966145
1713723413777050368.000000,0.756546378,89.985725403,0.772443235,-0.007076591,0.001513908,-0.003838268,0.999966502
1713723413810406656.000000,0.780371606,91.621643066,0.790687799,-0.004507275,0.001533388,-0.004060940,0.999980509
1713723413843763712.000000,0.786092162,91.762474060,0.824841917,-0.007039203,0.001845123,-0.004419866,0.999963760
1713723413877120256.000000,1.758102417,111.021423340,0.346513748,-0.007375646,0.000521450,-0.002868759,0.999968588
1713723413910477056.000000,1.763709664,111.264991760,0.395731330,-0.006057635,0.001220114,-0.002746291,0.999977171
1713723413943834112.000000,1.216778755,85.849670410,1.511988640,-0.005402655,0.001857040,-0.003710610,0.999976814
1713723413977190400.000000,1.227669358,86.208686829,1.574709654,-0.009394311,0.002186241,-0.003562557,0.999947190
1713723414010547456.000000,0.946465015,93.775772095,1.307446122,-0.009117988,0.001287028,-0.003709620,0.999950767
1713723414043903744.000000,0.966551185,94.218467712,1.388558388,-0.004904594,0.002040064,-0.003901036,0.999978364
1713723414077260800.000000,3.896077156,130.528366089,3.465329647,-0.009228417,0.003178940,0.000117470,0.999952376
1713723414110617344.000000,3.912863970,131.046676636,3.551151752,-0.011998719,0.001863328,0.000566548,0.999926150
1713723414143974144.000000,1.020635009,96.366828918,1.639850140,-0.007970634,0.002411853,-0.003750485,0.999958277
1713723414177330176.000000,1.043135166,96.914077759,1.732387066,-0.006086580,0.001636480,-0.003547058,0.999973893
1713723414210686976.000000,1.062913775,97.543601990,1.820297956,-0.009425874,0.001886110,-0.003676476,0.999947071
1713723414244043008.000000,2.456095934,130.364501953,0.530663848,-0.006904391,0.000470725,-0.002000812,0.999974072
1713723414277399552.000000,2.476927757,130.935653687,0.629114628,-0.005795901,0.002005881,-0.002380630,0.999978423
1713723414310756096.000000,1.115163207,99.466567993,2.092981815,-0.009113475,0.002184711,-0.003867417,0.999948621
1713723414344112640.000000,2.475030899,132.582702637,0.800335646,-0.007893883,0.001004417,-0.002091515,0.999966145
1713723414377469184.000000,2.492635727,133.176849365,0.901764035,-0.007482842,0.001390208,-0.002275929,0.999968469
1713723414410825472.000000,1.162422657,101.542907715,2.364144564,-0.008824897,0.002717700,-0.003740726,0.999950409
1713723414444182016.000000,0.609456897,109.158538818,1.980168343,-0.009443359,0.002493136,-0.004585056,0.999941826
1713723414477538048.000000,0.628427327,109.771636963,2.081292629,-0.010237392,0.002038463,-0.004276207,0.999936402
1713723414510894848.000000,0.645333767,110.431335449,2.185428619,-0.008425098,0.002224531,-0.004281430,0.999952912
1713723414544250880.000000,3.343716145,147.891571045,3.320351124,-0.009252062,0.003973690,-0.000754523,0.999949098
1713723414577607424.000000,3.356954575,148.515960693,3.424833775,-0.011897602,0.002669113,-0.000208036,0.999925673
1713723414610963456.000000,0.694472313,112.442703247,2.487374544,-0.010766879,0.002960345,-0.004491989,0.999927640
1713723414644320000.000000,3.378682613,150.003433228,3.622025490,-0.009314394,0.003734814,-0.000561017,0.999949515
1713723414677676544.000000,3.392226696,150.637802124,3.729313612,-0.011976846,0.004200434,-0.000422133,0.999919415
1713723414711032576.000000,3.397566080,151.296401978,3.832626104,-0.012644682,0.003635359,-0.000156484,0.999913454
1713723414744389120.000000,3.441939831,152.099578857,3.951091051,-0.012407785,0.004294640,-0.000282350,0.999913812
1713723414777745152.000000,3.451735497,152.727752686,4.060928822,-0.011351882,0.004853282,-0.000360101,0.999923766
1713723414811101952.000000,3.504559755,153.537155151,4.179104805,-0.013772817,0.004785134,-0.000164020,0.999893725
1713723414844457984.000000,3.511392355,154.178436279,4.293330669,-0.014179856,0.004790929,-0.000346994,0.999887943
1713723414877814272.000000,3.549329042,155.017044067,4.411336422,-0.011773874,0.004739250,-0.000211358,0.999919474
1713723414911170816.000000,3.561712027,155.665908813,4.528116226,-0.012997259,0.005432511,-0.000398212,0.999900758
1713723414944526848.000000,3.616044044,156.535568237,4.637174129,-0.014770100,0.003795158,-0.000043871,0.999883771
1713723414977883392.000000,3.633634329,157.176986694,4.760115623,-0.013998382,0.004515020,-0.000409881,0.999891818
1713723415011239168.000000,3.693795443,166.301040649,3.775909424,-0.009412417,0.004779322,-0.000526141,0.999944210
1713723415044595712.000000,3.714513302,166.942749023,3.905322790,-0.012393339,0.004413211,-0.000744008,0.999913216
1713723415077952256.000000,3.723136187,159.731460571,5.069077969,-0.014733696,0.003672485,-0.000567399,0.999884605
1713723415111307776.000000,3.744555950,160.370819092,5.200301170,-0.012658766,0.003901614,-0.000594536,0.999912143
1713723415144664832.000000,3.797550917,169.134582520,4.279736996,-0.009523815,0.004672665,-0.001074647,0.999943197
1713723415178021120.000000,3.821189404,169.778427124,4.414736271,-0.012423575,0.003879076,-0.000624895,0.999915183
1713723415211378176.000000,3.845544338,163.184463501,5.524554729,-0.014127823,0.003547129,-0.001043370,0.999893367
1713723415244734464.000000,3.868268967,163.818832397,5.660199642,-0.011135615,0.003792621,-0.001142305,0.999930203
1713723415278091520.000000,3.894561052,164.499725342,5.790904999,-0.013172111,0.003750220,-0.001353185,0.999905288
1713723415311448064.000000,3.950724125,172.884094238,4.924176216,-0.012312658,0.002590054,-0.001193401,0.999920189
1713723415344805120.000000,3.975646257,173.525894165,5.064407825,-0.011643108,0.003089839,-0.001393783,0.999926567
1713723415378161408.000000,5.413985729,180.708404541,4.869229794,-0.008359880,0.005187926,0.000316635,0.999951601
1713723415411518208.000000,5.438578129,181.359085083,5.012573719,-0.011121616,0.004813801,0.000448461,0.999926507
1713723415444874752.000000,4.066077709,176.071517944,5.418138981,-0.012061531,0.001952903,-0.001211465,0.999924660
1713723415478231552.000000,4.092955112,176.725402832,5.563231468,-0.010725458,0.001897258,-0.001114039,0.999940157
1713723415511587840.000000,4.182791710,171.241958618,6.557522297,-0.011609215,0.002569701,-0.000843247,0.999928951
1713723415544944640.000000,4.212834358,171.908218384,6.701823235,-0.014520325,0.001728416,-0.000298512,0.999893069
1713723415578301184.000000,4.243715763,172.566192627,6.848530769,-0.014402207,0.002237540,-0.000798075,0.999893546
1713723415611657984.000000,4.239611149,180.187423706,6.133542061,-0.010337862,0.001712832,-0.000769603,0.999944866
1713723415645014272.000000,4.273469448,180.845565796,6.287372589,-0.011628198,0.001914593,-0.000777889,0.999930263
1713723415678371072.000000,4.331450939,181.807083130,6.434966087,-0.012917208,0.001733736,-0.000703483,0.999914825
1713723415711728128.000000,4.364084721,182.473434448,6.586695671,-0.012832497,0.002004398,-0.000929785,0.999915242
1713723415745084160.000000,4.427626133,190.777267456,4.693889141,-0.007415232,0.002574253,-0.001060717,0.999968648
1713723415778440960.000000,4.461098671,191.447570801,4.851551533,-0.009529296,0.002482157,-0.000964342,0.999951065
1713723415811797504.000000,5.910593510,197.345062256,5.358215332,-0.009662983,0.004098146,0.000935892,0.999944508
1713723415845154048.000000,5.943651676,198.019866943,5.522266865,-0.008110868,0.003891369,0.000932543,0.999959171
1713723415878510592.000000,4.769706249,192.692901611,4.934760094,-0.006485865,0.003056652,-0.000764253,0.999974072
1713723415911867136.000000,4.804768562,193.369064331,5.102201939,-0.009426474,0.001413196,-0.000385106,0.999954522
1713723415945223936.000000,4.651401520,194.978332520,5.658925533,-0.009897890,0.001786857,-0.000802129,0.999949098
1713723415978580224.000000,4.689920902,195.654724121,5.827024937,-0.006783992,0.001883766,-0.000773897,0.999974906
1713723416011937024.000000,4.728425980,196.328964233,5.995655537,-0.008772278,0.001896024,-0.000976599,0.999959290
1713723416045293568.000000,4.766433239,196.997253418,6.166078091,-0.009827360,0.000913245,-0.000793046,0.999951005
1713723416078650112.000000,4.921890736,201.774887085,5.134918213,-0.006127459,0.002286850,-0.000977987,0.999978185
1713723416112006656.000000,4.957802296,202.857925415,5.183531761,-0.002736200,0.002786617,-0.000968953,0.999991953
1713723416145363456.000000,4.986205101,203.877502441,5.181872845,-0.005584528,0.002708995,-0.001015213,0.999980211
1713723416178719744.000000,5.023330688,204.963790894,5.226101875,-0.006825496,0.001759377,-0.000827328,0.999974847
1713723416212076544.000000,6.390486717,213.061157227,5.812930584,-0.005121720,0.004470270,0.000590260,0.999976754
1713723416245432832.000000,6.427868843,214.142578125,5.856752872,-0.003103896,0.004860883,0.000346228,0.999983311
1713723416278789632.000000,6.463129044,215.228027344,5.898833752,-0.006985835,0.003563497,0.000349258,0.999969184
1713723416312145920.000000,6.501312256,216.309951782,5.942013264,-0.006694360,0.002997845,0.000272958,0.999973059
1713723416345502976.000000,6.533685684,217.386306763,5.984943390,-0.004220231,0.004772251,-0.000203115,0.999979675
1713723416378859008.000000,6.571132183,218.463455200,6.027558327,-0.004500626,0.003392940,-0.000189888,0.999984145
1713723416412216064.000000,6.601432800,219.545562744,6.069439888,-0.006196355,0.002937312,-0.000424881,0.999976397
1713723416445572352.000000,6.638127327,220.620147705,6.114367008,-0.005085302,0.002852439,-0.000590686,0.999982834
1713723416478929152.000000,6.671397209,221.689743042,6.162489414,-0.003276079,0.003481928,-0.000714961,0.999988317
1713723416512285440.000000,6.707897663,222.763702393,6.205317020,-0.005313939,0.002563544,-0.000557432,0.999982536
1713723416545642240.000000,6.743878841,223.833557129,6.246124268,-0.005331966,0.002721525,-0.000616721,0.999981940
1713723416578998272.000000,6.779280663,224.902404785,6.289773464,-0.003332398,0.001850209,-0.000614593,0.999992609
1713723416612355328.000000,6.849089622,225.976272583,6.329101562,-0.003083128,0.002813329,-0.001018265,0.999990821
1713723416645711360.000000,6.884331703,227.045898438,6.370629787,-0.005055688,0.001306971,-0.000680737,0.999986112
1713723416679068160.000000,6.923818588,228.109283447,6.413057804,-0.005031276,0.001880035,-0.001070603,0.999985039
1713723416712424192.000000,6.972533226,231.788604736,6.405926704,-0.001306129,0.001128856,-0.000772481,0.999998212
1713723416745780992.000000,7.011006355,232.850830078,6.448884010,-0.002700135,0.001750435,-0.001074315,0.999994278
1713723416779137024.000000,7.056614876,228.690628052,6.527964115,-0.005797590,0.001611437,-0.000385321,0.999981880
1713723416812493568.000000,7.092833042,229.749679565,6.571675301,-0.004890826,0.001755218,-0.000495594,0.999986410
1713723416845850112.000000,7.068794250,230.791839600,6.631707191,-0.001995793,0.002580150,-0.001011104,0.999994218
1713723416879206656.000000,7.107344627,231.852966309,6.673887730,-0.005742560,0.002062482,-0.001010445,0.999980927
1713723416912563200.000000,7.134920120,232.907363892,6.711001873,-0.006591759,0.000783942,-0.000736227,0.999977767
1713723416945919488.000000,7.174940109,233.962661743,6.754718304,-0.004407706,0.001382710,-0.000593752,0.999989212
1713723416979276288.000000,7.272800922,234.995574951,6.778913021,-0.002791625,0.000954315,-0.000988971,0.999995172
1713723417012632320.000000,7.312678814,236.052505493,6.820887566,-0.006674544,0.000689373,-0.000847318,0.999977171
1713723417045989120.000000,7.338748932,244.507476807,6.797526836,-0.005725799,0.000553982,-0.000984365,0.999983013
1713723417079344896.000000,7.377672195,245.555633545,6.843969822,-0.002339204,0.000004606,-0.001044750,0.999996722
1713723417112701696.000000,7.417072296,246.604400635,6.888977528,-0.002662140,0.000379811,-0.000994515,0.999995947
1713723417146057728.000000,7.408583641,242.890960693,6.969861507,-0.006626157,-0.000000854,-0.000651261,0.999977887
1713723417179414784.000000,7.447875500,243.936965942,7.013928890,-0.005869876,0.000086620,-0.000700557,0.999982536
1713723417212771072.000000,7.504992485,244.967697144,7.062192440,-0.002654132,-0.000207143,-0.000496849,0.999996364
1713723417246128128.000000,7.547307968,246.013290405,7.104615688,-0.005472458,0.000032602,-0.000423234,0.999984980
1713723417279484416.000000,7.511786938,247.106033325,7.178269863,-0.006701180,-0.000712113,-0.000215103,0.999977291
1713723417312841728.000000,7.553206444,248.144683838,7.220844746,-0.005180692,0.000385532,-0.000217237,0.999986529
1713723417346197760.000000,7.604371548,249.152008057,7.267535210,-0.002502308,-0.000124385,-0.000183534,0.999996841
1713723417379554816.000000,7.641998768,250.192718506,7.308381557,-0.006453413,0.000110110,0.000061997,0.999979258
1713723417412911104.000000,7.723677158,253.877655029,7.365382195,-0.005855029,0.000036075,0.000069488,0.999982893
1713723417446267904.000000,7.763898373,254.910217285,7.410862923,-0.002247671,0.000587367,-0.000111373,0.999997318
1713723417479624192.000000,7.745711803,261.014373779,7.312804222,-0.003657030,0.000444297,0.000064810,0.999993265
1713723417512981248.000000,7.783447266,262.052093506,7.355794430,-0.007244479,0.000261135,0.000482062,0.999973655
1713723417546337280.000000,7.825225830,263.085968018,7.400027275,-0.006527194,0.001137651,0.000178775,0.999978065
1713723417579694336.000000,7.863725662,264.114959717,7.447467804,-0.002923002,0.001108485,0.000469901,0.999995053
1713723417613050368.000000,7.901696682,265.149841309,7.494076252,-0.005940859,0.001439678,0.000427434,0.999981284
1713723417646407424.000000,7.931910515,266.180664062,7.519834995,-0.006874629,0.000995231,0.000544231,0.999975801
1713723417679763456.000000,7.971005917,267.209320068,7.568703651,-0.004881590,0.001540130,0.000297557,0.999986887
1713723417713120768.000000,8.006855965,268.233154297,7.605245590,-0.002533105,0.001398738,0.000254098,0.999995768
1713723417746476800.000000,8.044939041,269.262298584,7.651906013,-0.006262888,0.001518045,0.000332533,0.999979198
1713723417779833600.000000,8.092102051,270.287292480,7.703352451,-0.006434498,0.001300287,0.000473624,0.999978423
1713723417813189888.000000,8.113974571,271.311065674,7.722804070,-0.004339999,0.002119911,0.000611805,0.999988198
1713723417846546688.000000,8.152978897,272.332214355,7.770016670,-0.003298979,0.001531947,0.000872414,0.999993086
1713723417879902720.000000,8.204929352,276.201416016,7.776476860,-0.006031845,0.002001386,0.000671786,0.999979615
1713723417913259264.000000,8.240592003,277.222320557,7.820406914,-0.006639449,0.001482553,0.000957265,0.999976397
1713723417946615808.000000,8.264041901,275.391693115,7.895852566,-0.003462111,0.002070653,0.001077674,0.999991357
1713723417979972352.000000,8.317213058,279.255432129,7.908206463,-0.004039548,0.002473095,0.000797577,0.999988496
1713723418013329152.000000,8.354393005,280.274230957,7.951564789,-0.006996723,0.000997379,0.001261322,0.999974251
1713723418046685184.000000,8.379616737,281.290496826,7.987250328,-0.004341051,0.002167794,0.000953016,0.999987841
1713723418080041984.000000,8.417542458,282.301452637,8.034602165,-0.001262947,0.002175541,0.001216851,0.999996126
1713723418113398016.000000,8.449111938,280.470062256,8.103745461,-0.005796063,0.002583454,0.001427034,0.999978840
1713723418146755328.000000,8.442367554,278.540527344,8.131525993,-0.005128600,0.001392196,0.001732650,0.999984443
1713723418180112640.000000,8.481776237,279.549438477,8.176983833,-0.003504411,0.003376063,0.001477349,0.999987066
1713723418213851648.000000,8.570321083,286.356597900,8.208282471,-0.003986874,0.002025415,0.001584111,0.999988794
1713723418247593984.000000,8.595702171,281.786743164,8.219812393,-0.005833438,0.001273438,0.001707614,0.999980748
1713723418281338112.000000,8.634928703,282.803039551,8.265340805,-0.005133985,0.001990997,0.001193916,0.999984145
1713723418315085056.000000,8.418171883,292.818572998,8.346921921,-0.003371572,0.000995558,0.000405598,0.999993801
1713723418348834816.000000,8.456163406,293.834869385,8.392210960,-0.005131394,0.001628125,-0.000569181,0.999985397
1713723418382586368.000000,8.493997574,294.849334717,8.437685013,-0.005660260,0.000814903,-0.001834465,0.999982059
1713723418416340224.000000,8.538402557,295.876403809,8.481108665,-0.004415017,0.001721927,-0.004105921,0.999980330
1713723418450097408.000000,8.578194618,296.886291504,8.526797295,-0.003906418,0.001508322,-0.006642940,0.999969244
1713723418483856128.000000,9.113370895,288.853820801,8.535417557,-0.006711364,0.002571997,-0.009303374,0.999930918
1713723418517617920.000000,9.153030396,289.864013672,8.578161240,-0.006460530,0.002093025,-0.012555754,0.999898136
1713723418551381760.000000,8.944576263,290.941986084,8.608398438,-0.003909969,0.002994441,-0.015817599,0.999862850
1713723418585148416.000000,8.790402412,300.930297852,8.711049080,-0.005281108,0.002592342,-0.020667173,0.999769092
1713723418618917120.000000,8.834464073,301.938964844,8.755544662,-0.004823065,0.003724728,-0.024452303,0.999682426
1713723418652688640.000000,9.322807312,293.905395508,8.754507065,-0.004736145,0.003129851,-0.026330750,0.999637246
1713723418686462720.000000,8.801118851,307.624023438,8.808621407,-0.001130886,0.005470516,-0.030360853,0.999523461
1713723418720238592.000000,8.844490051,308.630798340,8.855222702,-0.003694335,0.005032262,-0.032085527,0.999465704
1713723418754017280.000000,8.886641502,309.634490967,8.901870728,-0.003481279,0.005100408,-0.033262540,0.999427617
1713723418787798528.000000,8.936194420,310.624420166,8.952856064,-0.002136503,0.005716143,-0.032913130,0.999439597
1713723418821582592.000000,8.976843834,311.621826172,9.001376152,-0.000254102,0.006628150,-0.032883190,0.999437273
1713723418855368448.000000,9.016819000,312.621398926,9.049065590,-0.002294480,0.006929404,-0.032112982,0.999457657
1713723418889157120.000000,9.074473381,313.618774414,9.096240044,-0.003051718,0.005652027,-0.030441944,0.999515951
1713723418922947584.000000,9.118462563,314.611846924,9.142608643,0.000271456,0.007073221,-0.029402366,0.999542594
1713723418956741376.000000,9.161522865,315.606414795,9.188081741,-0.000237942,0.007242029,-0.028057465,0.999580085
1713723418990537216.000000,9.784829140,309.544311523,9.197117805,-0.003887778,0.006365099,-0.026091328,0.999631763
1713723419024335104.000000,9.824557304,310.534515381,9.243541718,-0.003541672,0.006092075,-0.024722431,0.999669552
1713723419058136320.000000,9.300284386,318.584167480,9.343759537,-0.000645843,0.006281278,-0.024336863,0.999683917
1713723419091939328.000000,9.913823128,312.479888916,9.295095444,-0.003840482,0.005057259,-0.022023974,0.999737322
1713723419125745152.000000,9.956195831,313.470947266,9.342836380,-0.006047366,0.003542786,-0.020104438,0.999773324
1713723419159553024.000000,10.000751495,314.455902100,9.392379761,-0.003383076,0.004838726,-0.019082543,0.999800503
1713723419193371904.000000,8.675630569,326.218475342,9.409619331,-0.001713522,0.004869558,-0.019774720,0.999791145
1713723419226691584.000000,8.721716881,327.191070557,9.458916664,-0.005188038,0.003099928,-0.018774007,0.999805510
1713723419260009984.000000,8.769229889,328.158325195,9.509679794,-0.004107444,0.003228114,-0.018103572,0.999822438
1713723419293328640.000000,8.828731537,329.128692627,9.548164368,-0.002199455,0.005375381,-0.018428225,0.999813378
1713723419326646784.000000,8.878578186,330.095336914,9.594266891,-0.004695597,0.003745613,-0.018130567,0.999817669
1713723419359964928.000000,8.928778648,331.060241699,9.640492439,-0.005751838,0.003103670,-0.017886944,0.999818623
1713723419393282048.000000,8.972605705,332.022918701,9.677432060,-0.004650328,0.003144588,-0.017965414,0.999822915
1713723419426598912.000000,9.021965027,332.983551025,9.721622467,-0.004918346,0.002999644,-0.018092580,0.999819696
1713723419459916032.000000,9.070954323,333.943817139,9.765843391,-0.006701239,0.002028148,-0.017739274,0.999818146
1713723419493232384.000000,9.075940132,334.918914795,9.787107468,-0.006492427,0.002390794,-0.017531196,0.999822438
1713723419526548736.000000,9.129305840,335.876586914,9.833015442,-0.004960292,0.002372304,-0.017550230,0.999830902
1713723419559864576.000000,9.182174683,336.835754395,9.878609657,-0.006885419,0.001890839,-0.017100843,0.999828339
1713723419593179648.000000,9.208429337,337.795196533,9.913494110,-0.007443052,0.001189542,-0.016056614,0.999842703
1713723419626495232.000000,9.259779930,338.749542236,9.960906982,-0.005707346,0.001324092,-0.015586297,0.999861419
1713723419659809536.000000,9.311236382,339.704406738,10.007680893,-0.005924744,0.001522303,-0.015241452,0.999865174
1713723419693124352.000000,8.431816101,345.284362793,9.979311943,-0.007169375,0.000694308,-0.015579442,0.999852717
1713723419726438400.000000,8.484316826,346.234832764,10.026865005,-0.006500518,0.001040126,-0.014833734,0.999868393
1713723419759751936.000000,8.536869049,347.182861328,10.073911667,-0.004758891,0.001561471,-0.014207121,0.999886572
1713723419793065472.000000,10.421642303,336.365203857,10.115141869,-0.007518935,0.001016118,-0.011330983,0.999907017
1713723419826378496.000000,10.465591431,337.310852051,10.160035133,-0.008057076,0.001013039,-0.010152638,0.999915540
1713723419859691264.000000,10.509813309,338.253265381,10.205898285,-0.006485215,0.001099645,-0.009279023,0.999935329
1713723419893004032.000000,10.511023521,339.157073975,10.314033508,-0.006613318,0.002428005,-0.009088433,0.999933898
1713723419926316032.000000,10.553288460,340.102050781,10.356298447,-0.008079523,0.000488332,-0.007930141,0.999935806
1713723419959627520.000000,10.597432137,341.044616699,10.399084091,-0.008053091,0.001619414,-0.007757934,0.999936163
1713723419992939264.000000,10.619541168,342.054534912,10.343131065,-0.005944780,0.000824034,-0.006618986,0.999960184
1713723420026250240.000000,10.669370651,342.993713379,10.385641098,-0.007214471,0.002123272,-0.006097223,0.999953210
1713723420059560960.000000,10.717504501,343.931793213,10.427776337,-0.008287096,0.001127914,-0.005177902,0.999951661
1713723420092871424.000000,10.747750282,344.882171631,10.466888428,-0.008005788,0.001566302,-0.004289319,0.999957621
1713723420126181376.000000,10.792463303,345.819549561,10.509447098,-0.004788924,0.002099453,-0.003716861,0.999979496
1713723420159491584.000000,10.836783409,346.760009766,10.551916122,-0.007843778,0.001959313,-0.003341103,0.999961793
1713723420192803072.000000,8.017624855,364.336883545,10.521472931,-0.007575704,0.001474491,-0.005498824,0.999955177
1713723420226123008.000000,8.066192627,365.269348145,10.568804741,-0.005526433,0.001414468,-0.005054355,0.999970973
1713723420259442688.000000,8.115393639,366.201904297,10.615104675,-0.004893390,0.002253649,-0.004398907,0.999975860
1713723420292762368.000000,8.149322510,367.142456055,10.647642136,-0.007853755,0.001146403,-0.003182377,0.999963462
1713723420326080768.000000,8.200771332,368.074340820,10.693486214,-0.007545491,0.001732477,-0.002558072,0.999966860
1713723420359399680.000000,8.251997948,369.001922607,10.739474297,-0.004220408,0.001987228,-0.001329281,0.999988258
1713723420392717568.000000,8.267295837,370.003601074,10.782646179,-0.006704784,0.002334337,-0.000747874,0.999974549
1713723420426035712.000000,8.315100670,370.930908203,10.825579643,-0.007449789,0.001338604,0.000307377,0.999971330
1713723420459353088.000000,8.364416122,371.855590820,10.869950294,-0.007061848,0.002098334,0.001017858,0.999972343
1713723420492669952.000000,10.144843102,363.699554443,10.969921112,-0.005053848,0.002191053,0.003892868,0.999977231
1713723420525987072.000000,10.187459946,364.622985840,11.009908676,-0.008090553,0.001991680,0.004866239,0.999953449
1713723420559303680.000000,10.229899406,365.543304443,11.049743652,-0.008150740,0.001721379,0.005877405,0.999948025
1713723420592619776.000000,7.519363403,379.558471680,10.934870720,-0.005967527,0.001244439,0.002880899,0.999977291
1713723420625936128.000000,7.567055702,380.478820801,10.977782249,-0.005505346,0.002234896,0.003802217,0.999975145
1713723420659251200.000000,7.613560677,381.400573730,11.020044327,-0.008142207,0.001224439,0.004807305,0.999954641
1713723420692566272.000000,8.693532944,378.454864502,11.182747841,-0.008509574,0.001892001,0.006913635,0.999938130
1713723420725881344.000000,8.735934258,379.367553711,11.225787163,-0.005689416,0.002456572,0.007626437,0.999951720
1713723420759196160.000000,8.777958870,380.283050537,11.268391609,-0.008035675,0.002504712,0.008261287,0.999930501
1713723420792510208.000000,8.770445824,381.261840820,11.306427956,-0.009100404,0.001607247,0.009226611,0.999914765
1713723420825824000.000000,8.813693047,382.184265137,11.351957321,-0.008262207,0.001951911,0.009863664,0.999915302
1713723420859138048.000000,8.857241631,383.104827881,11.396991730,-0.006644871,0.002908194,0.010232429,0.999921381
1713723420892450816.000000,7.050443172,390.961273193,11.234592438,-0.008135664,0.001447962,0.008960019,0.999925733
1713723420925763840.000000,7.096908092,391.881713867,11.281784058,-0.008377040,0.001418092,0.009459792,0.999919176
1713723420959076352.000000,7.143748760,392.798706055,11.329576492,-0.006130816,0.001691689,0.010334226,0.999926448
1713723420992388608.000000,8.994278908,387.138336182,11.575464249,-0.007392466,0.002633863,0.013343499,0.999880254
1713723421025700608.000000,9.039157867,388.058746338,11.620544434,-0.009256917,0.001619884,0.014474408,0.999851108
1713723421059012096.000000,9.085064888,388.975555420,11.666767120,-0.008361344,0.001813173,0.015342601,0.999845743
1713723421092323840.000000,9.222499847,389.881378174,11.703074455,-0.006311437,0.003078289,0.015959429,0.999848008
1713723421125634304.000000,9.263978958,390.798828125,11.747838020,-0.008606577,0.001978518,0.017019235,0.999816179
1713723421158944768.000000,9.306184769,391.713195801,11.792625427,-0.008686807,0.002256247,0.017972324,0.999798238
1713723421192254976.000000,9.331929207,393.015075684,11.864665031,-0.007044608,0.002973754,0.018668253,0.999796510
1713723421225574144.000000,9.371722221,393.931335449,11.907772064,-0.007404030,0.003339215,0.019359590,0.999779582
1713723421258892032.000000,9.410598755,394.846374512,11.950771332,-0.008325632,0.002545597,0.020307230,0.999755859
1713723421292210432.000000,9.464607239,395.816528320,12.002737045,-0.007516274,0.002612348,0.021224739,0.999743104
1713723421325527808.000000,9.506576538,396.735473633,12.048758507,-0.004842390,0.003554610,0.021861432,0.999743044
1713723421358845184.000000,9.547792435,397.656188965,12.093842506,-0.005945934,0.003448140,0.022649709,0.999719918
1713723421392162304.000000,6.103610039,409.883239746,11.723903656,-0.005718950,0.001581108,0.019904720,0.999784291
1713723421425478912.000000,6.156739712,410.796630859,11.772186279,-0.003911653,0.002140885,0.020597825,0.999777913
1713723421458795264.000000,6.209628582,411.709381104,11.819697380,-0.002622034,0.002387909,0.021527320,0.999761999
1713723421492111360.000000,6.258641243,412.692718506,11.869030952,-0.004687464,0.001420435,0.022093803,0.999743938
1713723421525427456.000000,6.310105801,413.602935791,11.917779922,-0.004696273,0.001174504,0.022543799,0.999734163
1713723421558742528.000000,6.362491131,414.509429932,11.967722893,-0.002398207,0.001548438,0.022960560,0.999732316
1713723421592057344.000000,6.403687477,415.502288818,12.026755333,-0.001232226,0.002390787,0.022856470,0.999735177
1713723421625372160.000000,6.454973698,416.423980713,12.075119019,-0.004158677,0.000588986,0.022986975,0.999726951
1713723421658686464.000000,6.507495403,417.340972900,12.124519348,-0.003571661,0.000314258,0.022831351,0.999732912
1713723421692000512.000000,6.543815613,418.331787109,12.176995277,-0.000946259,0.001256300,0.022016011,0.999756396
1713723421725313792.000000,6.593435287,419.246276855,12.225371361,-0.002758460,-0.000363719,0.021553578,0.999763846
1713723421758627072.000000,6.643881798,420.159454346,12.273860931,-0.003912096,-0.000840653,0.021273397,0.999765694
1713723421791940096.000000,6.693964481,421.158630371,12.329187393,-0.002392480,0.000033272,0.020757580,0.999781668
1713723421825253376.000000,6.747554302,422.081268311,12.378274918,-0.001870769,-0.000298284,0.020228520,0.999793589
1713723421858565376.000000,6.800655842,423.004058838,12.427760124,-0.003532589,-0.001309034,0.020034533,0.999792218
1713723421891877120.000000,4.946514606,428.715148926,12.188298225,-0.001593493,0.000657931,0.017600635,0.999843657
1713723421925189120.000000,5.001607895,429.635955811,12.241086960,-0.001030960,-0.000718873,0.017328745,0.999849141
1713723421958499840.000000,5.057840824,430.556427002,12.293704987,-0.001510692,-0.000146854,0.016640348,0.999860466
1713723421991811328.000000,5.108732700,431.529876709,12.347332001,-0.000608261,-0.000764657,0.016888166,0.999856949
1713723422025122048.000000,5.163824081,432.451751709,12.400123596,-0.001582532,-0.000381417,0.016375298,0.999864638
1713723422058431744.000000,5.218198299,433.370819092,12.452529907,-0.000514363,-0.000874975,0.016220978,0.999867916
1713723422091741696.000000,7.038143635,429.796142578,12.801496506,-0.002142293,-0.000517725,0.017686505,0.999841213
1713723422125051392.000000,7.089599609,430.715698242,12.852685928,-0.001336928,-0.000625555,0.017269794,0.999849796
1713723422158360832.000000,7.141252995,431.634552002,12.904144287,-0.001736493,-0.000784272,0.016883455,0.999855697
1713723422191685376.000000,7.128355980,432.881591797,12.966406822,-0.001483679,-0.000051020,0.016504964,0.999862731
1713723422225008128.000000,7.176583767,433.800292969,13.018159866,-0.001058587,-0.000550164,0.016232517,0.999867618
1713723422258330112.000000,7.225543976,434.718231201,13.069736481,-0.001537756,0.000021436,0.015618248,0.999876916
1713723422291651840.000000,3.725485325,443.671905518,12.541879654,0.000319376,-0.001158810,0.011215876,0.999936402
1713723422324973056.000000,3.786029816,444.596343994,12.596485138,-0.000125788,-0.000320703,0.010311557,0.999946773
1713723422358294784.000000,3.845303059,445.518493652,12.650588036,0.000697655,-0.001286367,0.010132613,0.999947667
1713723422391615488.000000,7.320747375,438.717712402,13.322624207,-0.002049245,-0.001010439,0.012615236,0.999917865
1713723422424935936.000000,7.367960930,439.640228271,13.375025749,-0.001266889,-0.001778118,0.011878300,0.999927104
1713723422458256128.000000,7.415976048,440.561889648,13.427747726,-0.001145563,-0.001542687,0.010932851,0.999938428
1713723422491576320.000000,7.462056637,441.483764648,13.481054306,-0.000531067,-0.001932235,0.010286649,0.999945104
1713723422524895744.000000,7.484124660,442.462921143,13.532720566,-0.002119679,-0.002858819,0.009366350,0.999949813
1713723422558215424.000000,7.531804085,443.381774902,13.586385727,-0.001980138,-0.002509569,0.008525208,0.999958575
1713723422591533824.000000,7.579499245,444.298919678,13.640028954,-0.000849437,-0.002708170,0.007896950,0.999964833
1713723422624853248.000000,7.623397350,445.251373291,13.692949295,-0.002554173,-0.002632008,0.007098107,0.999968112
1713723422658171136.000000,2.281717539,457.273010254,12.844263077,-0.000029093,-0.003238895,0.000537553,0.999994636
1713723422691489792.000000,2.340412855,458.197998047,12.902645111,0.000255785,-0.002287911,-0.000497380,0.999997258
1713723422724807168.000000,2.397834301,459.121795654,12.960659027,0.000086097,-0.002827719,-0.000898245,0.999995649
1713723422758124800.000000,2.423969746,460.105316162,13.014558792,-0.000848781,-0.002266964,-0.001725231,0.999995589
1713723422791442432.000000,2.477405071,461.028686523,13.073059082,-0.000537957,-0.002093529,-0.002215351,0.999995232
1713723422824759296.000000,2.531280994,461.950927734,13.131393433,-0.000114334,-0.001249733,-0.002934595,0.999994934
1713723422858075904.000000,2.554421186,462.931976318,13.176705360,-0.000792279,-0.001470467,-0.003498570,0.999992549
1713723422891392000.000000,2.609164476,463.855987549,13.236797333,-0.001258784,-0.001237245,-0.004390076,0.999988794
1713723422924707840.000000,2.663216591,464.776672363,13.297384262,-0.000030906,-0.000979840,-0.005015186,0.999986947
1713723422958023936.000000,2.720525026,465.880462646,13.341580391,-0.000557068,-0.000145761,-0.005969037,0.999982059
1713723422991339776.000000,2.770551443,466.805725098,13.399163246,-0.002780872,-0.001100835,-0.006458407,0.999974668
1713723423024654592.000000,2.821331501,467.727020264,13.457779884,-0.002204857,-0.001028522,-0.007180820,0.999971330
1713723423057969664.000000,2.864663839,468.724670410,13.509396553,0.000784902,0.000550303,-0.007906652,0.999968350
1713723423091283968.000000,2.910538435,469.655639648,13.566059113,-0.001723011,-0.000090056,-0.008541491,0.999962032
1713723423124598016.000000,2.956568003,470.585418701,13.622955322,-0.003164960,-0.000269906,-0.009277192,0.999951959
1713723423157912320.000000,0.002664048,475.696197510,13.247883797,-0.000632246,-0.000145576,-0.013660688,0.999906540
1713723423191227904.000000,0.054305419,476.621520996,13.305930138,0.001115810,0.000568062,-0.014794035,0.999889851
1713723423224548864.000000,0.105182916,477.549621582,13.363426208,-0.002023273,-0.000118245,-0.015826730,0.999872744
1713723423257869312.000000,3.054483891,474.554290771,13.835957527,-0.002743505,-0.000167384,-0.013168806,0.999909520
1713723423291188992.000000,3.104363680,475.478302002,13.896463394,-0.001215700,0.000926402,-0.014305361,0.999896586
1713723423324507904.000000,3.153286934,476.402343750,13.955906868,-0.001011285,0.000605889,-0.015061492,0.999885917
1713723423357827328.000000,3.284339905,477.590942383,14.022294044,-0.003771741,0.000445588,-0.015802976,0.999867916
1713723423391146496.000000,3.332846642,478.525390625,14.079326630,-0.003368102,0.000845492,-0.016767297,0.999853432
1713723423424464640.000000,3.381422758,479.457550049,14.136773109,-0.001732425,0.001113922,-0.017494567,0.999844909
1713723423457783296.000000,0.506629944,484.363220215,13.772473335,-0.001950366,0.000496958,-0.021911232,0.999757886
1713723423491100672.000000,0.562844396,485.292144775,13.829741478,-0.003845172,0.000199920,-0.022652224,0.999736011
1713723423524418304.000000,0.619602144,486.217987061,13.888173103,-0.003354600,0.000735314,-0.023727564,0.999712646
1713723423557735680.000000,0.666247249,487.319061279,13.977240562,-0.001511870,0.000490785,-0.024512637,0.999698281
1713723423591052544.000000,0.715389550,488.257263184,14.035490036,-0.003863981,0.000575930,-0.025403492,0.999669671
1713723423624369152.000000,0.764105201,489.193145752,14.093917847,-0.004408167,-0.000003669,-0.026215497,0.999646604
1713723423657685248.000000,-2.653679848,494.010772705,13.632904053,-0.001969418,0.000097180,-0.031589698,0.999499023
1713723423691001088.000000,-2.590989351,494.951843262,13.694376945,-0.001481207,0.000228584,-0.032402501,0.999473810
1713723423724317184.000000,-2.528921127,495.894409180,13.755750656,-0.004471156,-0.000813609,-0.032844923,0.999450147
1713723423757632000.000000,-2.471761942,496.926635742,13.814217567,-0.004002361,-0.000261825,-0.033350747,0.999435663
1713723423790947072.000000,-2.408223391,497.869659424,13.875787735,-0.002015064,-0.000614088,-0.033592883,0.999433398
1713723423824261632.000000,-2.344490528,498.814575195,13.936363220,-0.004271187,-0.000699235,-0.034184154,0.999406219
1713723423857576192.000000,-2.251436949,499.858795166,13.993065834,-0.004652692,-0.001668764,-0.034261931,0.999400675
1713723423890890240.000000,-2.187619209,500.806427002,14.057516098,-0.003994462,-0.000580721,-0.034806628,0.999385953
1713723423924203520.000000,-2.125126839,501.752960205,14.121313095,-0.003323877,-0.001498686,-0.034687586,0.999391615
1713723423957516800.000000,-2.100848198,502.781585693,14.168941498,-0.004746811,-0.000793913,-0.035110161,0.999371827
1713723423990829824.000000,-2.040459871,503.729980469,14.229475021,-0.004933849,-0.000829466,-0.034921367,0.999377549
1713723424024142848.000000,-1.979708314,504.676086426,14.290419579,-0.003236370,-0.000724254,-0.035000980,0.999381840
1713723424057455104.000000,-5.239019394,508.591979980,13.951623917,-0.002892284,-0.000114990,-0.039492998,0.999215722
1713723424090766848.000000,-5.170017719,509.549865723,14.014918327,-0.004141558,-0.000360595,-0.039578304,0.999207854
1713723424124078848.000000,-5.101000309,510.504364014,14.079399109,-0.002690277,-0.000276785,-0.039581366,0.999212742
1713723424157389824.000000,-5.011641502,511.471557617,14.139875412,-0.001128823,0.000313533,-0.039633498,0.999213636
1713723424190701312.000000,-1.730674028,509.566894531,14.592305183,-0.003970272,-0.000523683,-0.035416011,0.999364674
1713723424224022272.000000,-1.662886143,510.524536133,14.653702736,-0.004261140,-0.000614902,-0.035509400,0.999360085
1713723424257342720.000000,-1.595221281,511.478271484,14.716075897,-0.001372404,-0.000279374,-0.035657782,0.999363124
1713723424290662912.000000,-1.483446121,512.401245117,14.775791168,-0.001438903,-0.000037942,-0.035778373,0.999358773
1713723424323983104.000000,-1.525979757,513.516357422,14.857068062,-0.004244177,-0.001384404,-0.035581458,0.999356866
1713723424357302784.000000,-1.462969899,514.470397949,14.918206215,-0.003329464,-0.000062164,-0.036121722,0.999341905
1713723424390622976.000000,-1.401751041,515.422119141,14.979895592,-0.001189999,-0.001026208,-0.036028445,0.999349535
1713723424423941888.000000,-1.326903701,517.054565430,15.023281097,-0.002703025,-0.001154372,-0.036145326,0.999342322
1713723424457260544.000000,-1.269357085,517.998168945,15.087095261,-0.003536197,-0.001278428,-0.036167018,0.999338746
1713723424490579456.000000,-1.211793900,518.938659668,15.152093887,-0.002563178,-0.001297061,-0.036239985,0.999339044
1713723424523897088.000000,-8.715079308,525.547729492,14.383050919,0.002160402,-0.001173841,-0.046263162,0.998926342
1713723424557214976.000000,-8.637104988,526.497863770,14.447891235,-0.001197857,-0.000572627,-0.046714060,0.998907447
1713723424590533120.000000,-8.560235977,527.444702148,14.512967110,-0.001709039,-0.000976428,-0.046597257,0.998911858
1713723424623849984.000000,-8.487874985,528.405395508,14.583157539,-0.000073683,-0.000213448,-0.046847716,0.998902023
1713723424657166848.000000,-8.370415688,529.605468750,14.652246475,0.000309914,-0.000324227,-0.046722542,0.998907804
1713723424690483456.000000,-8.295525551,530.555419922,14.719161987,-0.001758948,-0.000578320,-0.046704814,0.998907089
1713723424723800064.000000,-8.220809937,531.502258301,14.786779404,-0.001906889,-0.000640005,-0.046928141,0.998896301
1713723424757116416.000000,-11.799400330,534.584716797,14.499221802,0.001936455,-0.001073549,-0.051749613,0.998657703
1713723424790431744.000000,-11.711309433,535.532653809,14.565575600,0.000540766,-0.000422111,-0.052254505,0.998633623
1713723424823747072.000000,-11.624312401,536.479553223,14.631568909,-0.000451389,-0.001587044,-0.052215859,0.998634517
1713723424857062656.000000,-11.501785278,537.631652832,14.707185745,0.000521342,-0.000647649,-0.052412316,0.998625219
1713723424890376960.000000,-11.416265488,538.597656250,14.775485992,0.002803704,-0.001408944,-0.052566055,0.998612583
1713723424923691520.000000,-11.329172134,539.566162109,14.843175888,0.000166436,-0.000562491,-0.052701756,0.998610198
1713723424957005824.000000,-11.199794769,540.694519043,14.913313866,-0.000265911,-0.000884298,-0.052690059,0.998610556
1713723424990319616.000000,-11.109305382,541.675415039,14.983411789,0.001066925,-0.000563150,-0.052912347,0.998598516
1713723425023632640.000000,-11.018807411,542.655273438,15.052918434,0.002156782,-0.000333922,-0.053040676,0.998590052
1713723425056945920.000000,-10.836580276,544.044921875,15.122233391,0.000176088,-0.000318080,-0.053182736,0.998584747
1713723425090259200.000000,-10.741086960,545.039672852,15.193102837,0.000070846,-0.000248425,-0.053347722,0.998575985
1713723425123571968.000000,-10.645628929,546.031188965,15.264827728,0.002502756,-0.000166669,-0.053343713,0.998573065
1713723425156883712.000000,-10.537299156,547.056762695,15.333929062,0.001025350,0.000534415,-0.053657226,0.998558760
1713723425190208512.000000,-10.414029121,548.199096680,15.393073082,-0.000201714,-0.000240646,-0.053448353,0.998570621
1713723425223528960.000000,-10.313513756,549.198974609,15.464320183,0.001036578,0.000840519,-0.053762484,0.998552859
1713723425256848896.000000,-10.214305878,550.196899414,15.535304070,0.002846926,0.000564389,-0.053886365,0.998542845
1713723425290168576.000000,-10.111146927,551.223754883,15.602712631,0.000385029,0.001126271,-0.054246213,0.998526990
1713723425323487488.000000,-15.762841225,554.503356934,15.190238953,0.001839479,0.001438402,-0.062306385,0.998054385
1713723425356806656.000000,-15.646240234,555.505615234,15.262218475,0.001849052,0.001912296,-0.062476642,0.998042941
1713723425390125568.000000,-15.531146049,556.506530762,15.333633423,0.002348681,0.001412637,-0.062721141,0.998027384
1713723425423443456.000000,-15.382529259,557.656677246,15.405443192,0.000770890,0.002006862,-0.062834598,0.998021662
1713723425456761344.000000,-15.264923096,558.666015625,15.478952408,0.000290944,0.001636777,-0.062869526,0.998020411
1713723425490079488.000000,-15.147430420,559.672241211,15.552618980,0.002018573,0.001684331,-0.062693410,0.998029351
1713723425523396608.000000,-15.000160217,560.898010254,15.642671585,0.000610186,0.002396323,-0.062564775,0.998037875
1713723425556713472.000000,-14.881541252,561.919921875,15.711532593,-0.001195513,0.001702707,-0.062175930,0.998063028
1713723425590030080.000000,-14.762778282,562.937927246,15.781596184,0.000120884,0.001896892,-0.061863314,0.998082817
1713723425623346688.000000,-14.632286072,563.979980469,15.858112335,0.001233157,0.002259970,-0.061738394,0.998089075
1713723425656663040.000000,-19.267887115,566.483093262,15.669998169,-0.000605228,0.001945082,-0.068371944,0.997657835
1713723425689978368.000000,-19.131355286,567.505187988,15.742748260,-0.000949805,0.001684241,-0.068392098,0.997656643
1713723425723293696.000000,-18.995580673,568.523193359,15.815997124,0.001665892,0.001308948,-0.067643277,0.997707367
1713723425756609024.000000,-14.126163483,568.180480957,16.145307541,0.000603011,0.001412909,-0.060705438,0.998154581
1713723425789923584.000000,-18.727390289,571.246093750,15.878388405,-0.000210369,0.000514030,-0.066982113,0.997754037
1713723425823237888.000000,-18.588853836,572.277465820,15.951784134,0.000401719,0.001814555,-0.066652581,0.997774541
1713723425856552192.000000,-18.452741623,573.305480957,16.025566101,0.002862165,0.000594690,-0.064932898,0.997885406
1713723425889865984.000000,-22.118106842,574.807189941,16.091676712,0.001100252,0.001376908,-0.068890855,0.997622669
1713723425923179264.000000,-21.974037170,575.838317871,16.167791367,-0.000617827,0.001023669,-0.066952407,0.997755468
1713723425956492544.000000,-21.829807281,576.866333008,16.245517731,0.000058842,0.001519646,-0.065138459,0.997875094
1713723425989805312.000000,-17.875225067,576.960449219,16.436347961,0.002646280,0.001943879,-0.058186710,0.998300374
1713723426023117312.000000,-21.522336960,578.973632812,16.400272369,0.000092475,0.002461638,-0.060396496,0.998171449
1713723426056429312.000000,-17.600982666,579.044921875,16.589389801,-0.001603741,0.001380548,-0.051159911,0.998688221
1713723426089741568.000000,-12.883983612,578.760925293,16.931591034,0.000342102,0.000751834,-0.040211059,0.999190867
1713723426123052544.000000,-12.761500359,579.800109863,17.007556915,0.001108562,0.002068586,-0.035758976,0.999357700
1713723426156363776.000000,-7.230045795,579.147277832,17.581504822,-0.003552050,-0.000424299,-0.022890825,0.999731660
1713723426189674496.000000,-7.125160217,580.187011719,17.656213760,-0.003115738,-0.000110773,-0.018418530,0.999825537
1713723426222994688.000000,-7.019859791,581.223937988,17.731559753,-0.001095131,0.000283876,-0.013583122,0.999907136
1713723426356273920.000000,-6.601729393,585.369140625,18.031282425,-0.004550403,-0.000078451,0.007182159,0.999963939
1713723426389592832.000000,-29.740827560,592.544128418,17.008649826,-0.001560427,0.000503757,-0.020966396,0.999778867
1713723426422911488.000000,-29.581415176,593.719665527,17.061571121,0.000082709,-0.000281846,-0.016459871,0.999864519
1713723426456229376.000000,-29.421321869,594.896972656,17.113473892,-0.000663433,0.000527401,-0.012424899,0.999922454
1713723426489547264.000000,-29.173233032,596.043334961,17.150382996,-0.002408749,-0.001238947,-0.006191652,0.999977171
1713723426522865408.000000,-28.983255386,597.207580566,17.197940826,-0.001503358,-0.000602901,0.000029393,0.999998748
1713723426556182272.000000,-28.794317245,598.371215820,17.245258331,-0.001043262,-0.001079653,0.005435314,0.999984145
1713723426589499136.000000,-28.606029510,599.536193848,17.292007446,-0.002985205,-0.001873078,0.010760021,0.999935925
1713723426622815488.000000,-28.417806625,600.698913574,17.339519501,-0.002969342,-0.002461883,0.016312966,0.999859571
1713723426656132096.000000,-28.228986740,601.859680176,17.387140274,-0.001754080,-0.002101400,0.021568099,0.999763668
1713723426689448192.000000,-28.041254044,603.021057129,17.434165955,-0.003054295,-0.003001712,0.027248912,0.999619603
1713723426722763776.000000,-27.854373932,604.181823730,17.481134415,-0.003768388,-0.004264478,0.033196919,0.999432683
1713723426756078848.000000,-27.666503906,605.340332031,17.528554916,-0.003367920,-0.004029102,0.038550787,0.999242902
1713723426789394432.000000,-27.479482651,606.498168945,17.576206207,-0.003285831,-0.005310792,0.044188999,0.999003708
1713723426822708480.000000,-27.291385651,607.654418945,17.623443604,-0.002399012,-0.004710615,0.049808972,0.998744786
1713723426856022784.000000,-27.104488373,608.811157227,17.670528412,-0.003769787,-0.005827594,0.055925369,0.998410881
1713723426889336832.000000,-39.695743561,609.706420898,17.848299026,-0.002970012,-0.004784265,0.041099772,0.999139249
1713723426922650880.000000,-39.461334229,610.850769043,17.896869659,-0.002226339,-0.005900124,0.047272988,0.998862147
1713723426955964160.000000,-39.226505280,611.993225098,17.945325851,-0.000602268,-0.005582148,0.053124126,0.998572171
1713723426989277440.000000,-39.011016846,613.165466309,18.005193710,-0.002319928,-0.006048853,0.058392156,0.998272717
1713723427022589696.000000,-38.914482117,614.439819336,18.078746796,-0.002454108,-0.007062396,0.065632664,0.997815907
1713723427055901952.000000,-38.686473846,615.589233398,18.130149841,-0.002213696,-0.006225563,0.071657687,0.997407436
1713723427089214208.000000,-38.460079193,616.734924316,18.182184219,0.000010783,-0.007334663,0.077956125,0.996929884
1713723427122526208.000000,-38.253715515,617.897216797,18.235803604,-0.001964429,-0.006233611,0.083734840,0.996466637
1713723427155837184.000000,-46.003921509,618.381164551,18.244146347,-0.001478429,-0.008964937,0.077706859,0.996934891
1713723427189149696.000000,-45.752925873,619.523742676,18.297695160,-0.001555973,-0.006350632,0.083792470,0.996461809
1713723427222470400.000000,-45.504337311,620.663879395,18.352544785,-0.000086936,-0.007769335,0.090575099,0.995859385
1713723427255790592.000000,-37.385028839,622.504150391,18.464532852,0.000511697,-0.006918225,0.108886853,0.994029999
1713723427289111040.000000,-45.151000977,623.073547363,18.467708588,-0.002442334,-0.007639705,0.103067160,0.994642079
1713723427322430976.000000,-44.904037476,624.212524414,18.523162842,-0.001070251,-0.008216687,0.109385252,0.993964970
1713723427355750912.000000,-44.656436920,625.351074219,18.579076767,-0.001668530,-0.007944017,0.115810685,0.993238151
1713723427389070080.000000,-44.290382385,626.400817871,18.647037506,0.000955540,-0.008355821,0.121259876,0.992585242
1713723427422388480.000000,-44.273269653,627.737243652,18.698011398,-0.002644496,-0.007904783,0.128122076,0.991723418
1713723427455707648.000000,-44.029792786,628.874694824,18.754280090,-0.001891172,-0.009859297,0.135120645,0.990778327
1713723427489025536.000000,-43.783584595,630.011108398,18.810773849,-0.002583493,-0.007734042,0.141000554,0.989975929
1713723427522343680.000000,-35.718193054,631.729248047,18.901683807,-0.002914420,-0.007741284,0.160577014,0.986988723
1713723427555661312.000000,-56.189010620,630.906433105,18.888408661,-0.003345110,-0.009886090,0.131964803,0.991199493
1713723427588978432.000000,-55.895263672,632.024230957,18.946739197,-0.001436981,-0.009828810,0.138252914,0.990347207
1713723427622295296.000000,-55.601741791,633.143127441,19.004701614,-0.003671593,-0.010061148,0.144366518,0.989466310
1713723427655611904.000000,-55.327636719,634.283874512,19.069292068,-0.003167991,-0.011168830,0.150893539,0.988481879
1713723427688928256.000000,-55.235717773,635.495971680,19.084310532,-0.002658380,-0.009471238,0.156700298,0.987597227
1713723427722244864.000000,-54.948467255,636.615600586,19.144199371,-0.003022194,-0.011012881,0.163458273,0.986484170
1713723427755560448.000000,-54.660076141,637.734069824,19.203943253,-0.004009869,-0.010831147,0.169665560,0.985434055
1713723427788875520.000000,-54.400257111,638.879272461,19.261968613,-0.001873669,-0.010566756,0.175860539,0.984356642
1713723427822190848.000000,-61.548637390,639.948730469,19.192848206,-0.001225582,-0.008392788,0.169372708,0.985515594
1713723427855505152.000000,-61.243076324,641.063903809,19.252069473,-0.003437600,-0.011114763,0.176279306,0.984271467
1713723427888819968.000000,-60.935020447,642.174987793,19.311971664,-0.003032922,-0.011266924,0.182771504,0.983086228
1713723427922134016.000000,-60.646064758,643.296875000,19.368318558,-0.000841379,-0.008718707,0.188788071,0.981978834
1713723427955447552.000000,-60.644878387,644.514404297,19.349237442,-0.002253846,-0.010366394,0.195880592,0.980570376
1713723427988760832.000000,-60.344581604,645.624450684,19.406761169,-0.003781027,-0.011624685,0.202457964,0.979214668
1713723428022074112.000000,-60.042018890,646.728942871,19.465307236,-0.002129540,-0.009992331,0.208872035,0.977889657
1713723428055387136.000000,-52.296966553,647.870544434,19.698484421,-0.003440390,-0.009765685,0.227601767,0.973699272
1713723428088699392.000000,-60.025955200,649.129089355,19.425804138,-0.004867836,-0.012223199,0.222325042,0.974883914
1713723428122011136.000000,-59.729072571,650.228515625,19.483718872,-0.004075412,-0.012165933,0.228902325,0.973364890
1713723428155323392.000000,-59.430625916,651.325805664,19.541439056,-0.003384177,-0.010132357,0.235003501,0.971935809
1713723428188635904.000000,-59.216178894,652.442626953,19.575660706,-0.005580975,-0.012697607,0.241735920,0.970242977
1713723428221957632.000000,-70.037658691,653.095092773,19.666000366,-0.004423719,-0.013548530,0.228120804,0.973528564
1713723428255279872.000000,-69.718414307,654.179443359,19.717683792,-0.003553133,-0.011131585,0.234527081,0.972039402
1713723428288601088.000000,-69.402671814,655.262329102,19.768835068,-0.005612690,-0.013954146,0.241981983,0.970164180
1713723428321922304.000000,-69.128646851,656.360778809,19.807546616,-0.005158939,-0.013753764,0.248508781,0.968518317
1713723428355243520.000000,-69.029510498,657.528259277,19.789409637,-0.003704082,-0.013249665,0.255685478,0.966662169
1713723428388563968.000000,-68.726577759,658.609130859,19.836275101,-0.004959641,-0.014308512,0.262667149,0.964767694
1713723428421884416.000000,-68.422843933,659.686767578,19.883476257,-0.005422914,-0.014774209,0.269660622,0.962826788
1713723428455204352.000000,-68.164405823,660.781494141,19.916971207,-0.003789464,-0.014708505,0.276215345,0.960975766
1713723428488524032.000000,-68.377464294,662.043579102,19.912408829,-0.003505395,-0.013862625,0.282559872,0.959143162
1713723428521842944.000000,-68.088508606,663.119689941,19.954637527,-0.004802214,-0.016570924,0.289723217,0.956954956
1713723428555161856.000000,-67.796028137,664.192749023,19.996982574,-0.004606597,-0.015099749,0.295892835,0.955090702
1713723428588481024.000000,-67.533569336,665.277832031,20.031173706,-0.003825930,-0.016456215,0.302893013,0.952874839
1713723428621798912.000000,-84.172424316,662.656860352,20.719486237,-0.004421808,-0.015177085,0.277763098,0.960519552
1713723428655117568.000000,-83.818603516,663.705261230,20.757593155,-0.004989491,-0.016609522,0.284778118,0.958436608
1713723428688435200.000000,-83.464035034,664.749816895,20.795412064,-0.004534550,-0.017631263,0.291819215,0.956300259
1713723428721752064.000000,-83.132644653,665.802490234,20.819633484,-0.005044752,-0.017172011,0.298736930,0.954167724
1713723428755069184.000000,-87.702804565,666.465209961,20.956111908,-0.003102285,-0.018621117,0.297159731,0.954641223
1713723428788386304.000000,-87.333038330,667.498107910,20.990459442,-0.004160377,-0.017630324,0.303873986,0.952540040
1713723428821702656.000000,-86.964424133,668.526245117,21.024419785,-0.004153917,-0.020067766,0.311889142,0.949897528
1713723428855018752.000000,-86.592926025,669.552734375,21.058521271,-0.005161237,-0.018723324,0.318858445,0.947603405
1713723428888335104.000000,-67.477699280,675.469360352,20.043769836,-0.000107604,-0.019239632,0.364622146,0.930956781
1713723428921650176.000000,-67.202461243,676.518859863,20.073730469,0.000840614,-0.017408384,0.371597648,0.928230345
1713723428954965248.000000,-66.930198669,677.566833496,20.103282928,-0.002079103,-0.019694163,0.379159600,0.925119400
1713723428988280576.000000,-66.678604126,678.620544434,20.128299713,-0.001043236,-0.018910304,0.386167377,0.922234297
1713723429021594880.000000,-81.435424805,675.613281250,20.953855515,-0.001968057,-0.018312439,0.364325732,0.931089520
1713723429054908928.000000,-81.100204468,676.633239746,20.980848312,-0.000166147,-0.018853409,0.371200293,0.928361416
1713723429088222976.000000,-80.764625549,677.653381348,21.008140564,-0.002751775,-0.019601911,0.377138555,0.925945342
1713723429121537024.000000,-80.425514221,678.668395996,21.037040710,-0.000699915,-0.019293860,0.383249104,0.923443258
1713723429154850048.000000,-98.384048462,677.602355957,21.665395737,-0.001580056,-0.020700647,0.351113021,0.936102927
1713723429188163840.000000,-97.964492798,678.579162598,21.697290421,-0.000132537,-0.021240635,0.356589764,0.934019625
1713723429221488640.000000,-97.543647766,679.554870605,21.729724884,-0.001308306,-0.021009669,0.361253977,0.932229877
1713723429254813440.000000,-97.163978577,680.549743652,21.760599136,0.000142436,-0.021148158,0.366317689,0.930249512
1713723429288138240.000000,-101.953636169,681.226867676,21.895812988,-0.001147753,-0.020785300,0.360900581,0.932371974
1713723429321462272.000000,-101.522857666,682.190002441,21.927192688,0.000199734,-0.020748243,0.365402907,0.930618227
1713723429354786048.000000,-101.091178894,683.151245117,21.958587646,-0.000758008,-0.020111367,0.369933277,0.928840339
1713723429388109568.000000,-100.717308044,684.141357422,21.990673065,-0.001195160,-0.021423683,0.374816865,0.926850617
1713723429421433088.000000,-100.851989746,685.312927246,22.000812531,-0.000424441,-0.020414917,0.379434794,0.924993157
1713723429454756096.000000,-100.435668945,686.272521973,22.032529831,-0.000123533,-0.019984037,0.384278923,0.923000753
1713723429488078592.000000,-100.019744873,687.229309082,22.063360214,-0.001209332,-0.020776970,0.389362335,0.920849562
1713723429521401088.000000,-99.091583252,687.991455078,22.096561432,-0.001655995,-0.020899251,0.395198196,0.918356657
1713723429554723584.000000,-109.062156677,688.362182617,22.350896835,-0.000368519,-0.021074547,0.382345915,0.923778892
1713723429588044800.000000,-108.609413147,689.291931152,22.379791260,0.000700081,-0.019353539,0.388083935,0.921420574
1713723429621366784.000000,-108.159011841,690.219543457,22.408079147,-0.001919633,-0.021243110,0.394457877,0.918666482
1713723429654688000.000000,-107.798843384,691.190429688,22.428720474,-0.002278960,-0.021698995,0.400747061,0.915928960
1713723429688008448.000000,-112.596450806,691.872497559,22.575231552,-0.000220878,-0.020787865,0.398562908,0.916905403
1713723429721329408.000000,-112.154235840,692.795043945,22.601455688,-0.001221180,-0.020408958,0.404996336,0.914089739
1713723429754649600.000000,-111.713867188,693.713623047,22.627296448,-0.003078618,-0.023447290,0.412174523,0.910798013
1713723429787969792.000000,-111.821228027,694.845153809,22.647712708,-0.002730734,-0.022152156,0.418663532,0.907867134
1713723429821289216.000000,-111.402923584,695.768249512,22.670553207,-0.002310267,-0.022360533,0.425842077,0.904518306
1713723429854608896.000000,-110.984756470,696.687988281,22.692615509,-0.003792784,-0.023793370,0.432733506,0.901199937
1713723429887928320.000000,-110.635238647,697.631286621,22.703140259,-0.003126483,-0.024036750,0.439598203,0.897867441
1713723429921246720.000000,-118.745239258,697.915893555,22.963970184,-0.003402344,-0.022913262,0.431476831,0.901826620
1713723429954565632.000000,-118.316833496,698.819396973,22.981994629,-0.004772259,-0.025170892,0.438508928,0.898361623
1713723429987883520.000000,-117.884735107,699.718139648,22.999927521,-0.004560095,-0.023990333,0.444925398,0.895234644
1713723430021201664.000000,-117.511444092,700.640625000,23.029447556,-0.004399906,-0.024443656,0.451660842,0.891843975
1713723430054519296.000000,-117.820510864,701.807922363,23.015453339,-0.005107634,-0.025276691,0.458274841,0.888436437
1713723430087836416.000000,-117.404846191,702.703796387,23.036567688,-0.005539281,-0.025621146,0.464844108,0.885004461
1713723430121153536.000000,-116.986190796,703.594299316,23.058235168,-0.004209815,-0.024985895,0.471211135,0.881656468
1713723430154467072.000000,-116.022140503,704.302429199,23.136703491,-0.005325085,-0.025622368,0.478096455,0.877917469
1713723430187787264.000000,-117.368057251,705.810974121,23.140310287,-0.005195584,-0.027942523,0.483852834,0.874687791
1713723430221107200.000000,-116.967926025,706.700927734,23.164562225,-0.005256837,-0.026733534,0.490032196,0.871278465
1713723430254426624.000000,-116.565734863,707.584594727,23.189060211,-0.003490902,-0.026801050,0.496871769,0.867403030
1713723430287746304.000000,-128.268844604,707.144836426,23.561800003,-0.005569063,-0.026465222,0.481960088,0.875775754
1713723430321064960.000000,-127.854370117,708.009765625,23.577674866,-0.005370465,-0.028200552,0.488928527,0.871851385
1713723430354383360.000000,-127.434967041,708.871582031,23.593910217,-0.005136557,-0.026026487,0.495182216,0.868384063
1713723430387701760.000000,-116.988494873,711.750366211,23.274761200,-0.004165621,-0.027838454,0.522080481,0.852431655
1713723430421019904.000000,-116.629852295,712.632324219,23.292785645,-0.004199196,-0.026725128,0.528374910,0.848580062
1713723430454337024.000000,-116.269470215,713.509277344,23.311382294,-0.003333192,-0.026941285,0.535067379,0.844373167
1713723430487654400.000000,-115.989135742,714.427246094,23.339773178,-0.003596272,-0.026151910,0.541185975,0.840488553
1713723430520971520.000000,-118.492736816,716.021728516,23.562213898,-0.004180105,-0.028205872,0.544263303,0.838429809
1713723430554287872.000000,-118.145294189,716.898315430,23.583959579,-0.003077256,-0.026744753,0.550111413,0.834657311
1713723430587603968.000000,-117.796844482,717.771545410,23.605102539,-0.003849492,-0.026191978,0.556147099,0.830662191
1713723430620920064.000000,-118.296264648,718.903503418,23.656454086,-0.003570280,-0.028210523,0.562180340,0.826525748
1713723430654235904.000000,-117.985260010,719.778381348,23.667379379,-0.003765442,-0.028210940,0.567965329,0.822560310
1713723430687550720.000000,-117.669464111,720.647155762,23.678419113,-0.001025374,-0.026585581,0.573866725,0.818516433
1713723430720866048.000000,-117.431610107,721.550292969,23.688489914,-0.003246596,-0.027124435,0.579700172,0.814371765
1713723430754180096.000000,-140.099151611,718.381530762,24.297906876,-0.004140925,-0.027450025,0.545286000,0.837790310
1713723430787494400.000000,-139.718353271,719.217834473,24.305707932,-0.004117397,-0.025560528,0.550913513,0.834160745
1713723430820808704.000000,-139.335601807,720.048034668,24.313583374,-0.002795272,-0.025573105,0.556788146,0.830256164
1713723430854122240.000000,-140.472229004,721.306457520,24.419332504,-0.004226247,-0.025882632,0.561080575,0.827345729
1713723430887435264.000000,-140.117675781,722.144409180,24.435260773,-0.002669430,-0.027332067,0.567159295,0.823150218
1713723430920748288.000000,-139.759155273,722.979980469,24.450729370,-0.002709584,-0.024220584,0.572424591,0.819595158
1713723430954060544.000000,-145.043304443,723.020263672,24.604532242,-0.003858207,-0.026721478,0.570375621,0.820940137
1713723430987372800.000000,-144.691711426,723.852478027,24.620658875,-0.003463429,-0.026929468,0.575885117,0.817079663
1713723431020684800.000000,-144.335144043,724.679992676,24.637334824,-0.001546885,-0.024369836,0.581272721,0.813342392
1713723431053996032.000000,-144.898223877,725.811279297,24.769851685,-0.002682279,-0.025529653,0.586287320,0.809696436
1713723431087307776.000000,-144.566406250,726.640991211,24.786647797,-0.003807126,-0.027816743,0.591983855,0.805460691
1713723431120617984.000000,-144.228576660,727.465454102,24.805072784,-0.002514785,-0.026983976,0.597519457,0.801396310
1713723431153928704.000000,-139.271118164,729.506042480,24.792095184,-0.001982687,-0.024575528,0.610299230,0.791787207
1713723431187241216.000000,-138.975128174,730.339477539,24.807975769,-0.003915148,-0.027914494,0.615653336,0.787512839
1713723431220562432.000000,-138.675781250,731.167480469,24.824798584,-0.003577602,-0.030657526,0.621307373,0.782958746
1713723431253884160.000000,-143.166809082,730.845764160,24.848747253,-0.003376219,-0.027010530,0.619046509,0.784882486
1713723431287204864.000000,-145.394012451,732.343566895,25.089172363,-0.006072014,-0.028812530,0.622071743,0.782406449
1713723431320525056.000000,-145.091247559,733.158447266,25.101211548,-0.006758357,-0.032656997,0.627426147,0.777961612
1713723431353844992.000000,-144.781280518,733.969970703,25.114545822,-0.005953032,-0.030820459,0.632387698,0.774015844
1713723431387165184.000000,-155.471710205,732.678588867,25.244651794,-0.007277097,-0.029341966,0.623045981,0.781600833
1713723431420484864.000000,-155.169219971,733.486938477,25.261512756,-0.008795721,-0.033086985,0.628324091,0.777198017
1713723431453803776.000000,-154.859710693,734.290893555,25.280132294,-0.007501177,-0.033048272,0.633501053,0.772999346
1713723431487122688.000000,-141.893493652,736.896850586,25.105943680,-0.007519950,-0.032247815,0.655286193,0.754654646
1713723431520441344.000000,-158.595367432,735.540649414,25.436393738,-0.010048624,-0.034247696,0.638803482,0.768541634
1713723431553759488.000000,-158.294586182,736.339904785,25.459880829,-0.009251661,-0.035478741,0.643890500,0.764238715
1713723431587077376.000000,-157.987976074,737.137084961,25.483898163,-0.009288419,-0.031863276,0.648714781,0.760307610
1713723431620395264.000000,-160.906555176,737.654235840,25.580680847,-0.011005162,-0.035000622,0.650214791,0.758864045
1713723431653712384.000000,-160.620025635,738.448730469,25.604473114,-0.010960741,-0.037670165,0.654845834,0.754743516
1713723431687029248.000000,-160.326843262,739.240966797,25.629287720,-0.010543665,-0.034965903,0.658778906,0.751449645
1713723431720345856.000000,-160.121398926,740.070739746,25.690429688,0.011249941,0.036466420,-0.662352979,-0.748219371
1713723431753662464.000000,-159.640777588,741.850952148,25.768577576,-0.012572949,-0.039734151,0.666418791,0.744411945
1713723431786978304.000000,-159.371093750,742.645202637,25.805713654,-0.011692138,-0.039088577,0.668624878,0.742479861
1713723431820293632.000000,-159.097167969,743.437438965,25.842681885,-0.012313649,-0.036691036,0.670117259,0.741245568
1713723431853608960.000000,-156.417144775,745.128784180,25.793338776,0.013501090,0.040842414,-0.675252080,-0.736331642
1713723431886924032.000000,-156.193237305,745.930908203,25.842809677,0.013922993,0.041451517,-0.676096499,-0.735514402
1713723431920238848.000000,-155.964294434,746.729064941,25.893270493,0.013366257,0.039838254,-0.677136421,-0.734656692
1713723431953552896.000000,-168.414733887,744.518371582,26.055265427,-0.013996886,-0.040548775,0.662737131,0.747622550
1713723431986867200.000000,-168.210083008,745.316223145,26.102804184,-0.015554496,-0.043388367,0.663678229,0.746596754
1713723432020181248.000000,-167.999938965,746.110595703,26.151468277,-0.015023667,-0.042347908,0.664324403,0.746092498
1713723432053494528.000000,-167.899597168,746.945739746,26.206470490,0.013764432,0.042045951,-0.665475607,-0.745107353
1713723432086807808.000000,-168.771301270,747.973693848,26.243019104,-0.014954161,-0.043527246,0.665129960,0.745307922
1713723432120120320.000000,-168.589782715,748.769409180,26.292345047,-0.015242447,-0.045172695,0.666170597,0.744274080
1713723432153432320.000000,-168.402832031,749.561523438,26.343162537,-0.014569213,-0.044291321,0.667165041,0.743449330
1713723432186744576.000000,-169.813903809,750.497192383,26.339859009,-0.013408186,-0.042043835,0.666695893,0.744022369
1713723432220066304.000000,-169.678894043,751.294372559,26.382625580,-0.015007600,-0.044578493,0.667285204,0.743315637
1713723432253388288.000000,-169.539184570,752.087463379,26.425525665,-0.014840294,-0.044932663,0.668043554,0.742616177
1713723432286709760.000000,-169.554870605,752.914123535,26.445903778,0.013239814,0.043386843,-0.668749392,-0.742102802
1713723432320030976.000000,-174.019317627,752.929626465,26.290819168,-0.013340993,-0.041925609,0.664590001,0.745911896
1713723432353351936.000000,-173.914947510,753.721557617,26.325271606,-0.014584894,-0.044284612,0.665431738,0.745001256
1713723432386672384.000000,-173.804779053,754.509277344,26.360130310,-0.014309014,-0.043244839,0.665934205,0.744618654
1713723432419992320.000000,-178.424987793,753.638427734,26.708156586,-0.013146489,-0.042028695,0.660997570,0.749094784
1713723432453312256.000000,-178.356170654,754.431762695,26.744483948,-0.014046808,-0.042507082,0.661566794,0.748548746
1713723432486631936.000000,-178.284027100,755.220581055,26.780708313,-0.013356525,-0.043231010,0.662179589,0.747977912
1713723432519950592.000000,-180.493713379,755.515075684,26.845510483,-0.013928707,-0.042491823,0.660043478,0.749895453
1713723432553269760.000000,-180.447998047,756.308044434,26.885635376,-0.012208963,-0.041778207,0.661013365,0.749110699
1713723432586588416.000000,-180.402252197,757.099060059,26.924892426,-0.013974771,-0.042110588,0.661079168,0.749003232
1713723432619906304.000000,-180.519378662,757.917297363,26.981178284,0.013283323,0.043389324,-0.661752343,-0.748348117
1713723432653224448.000000,-183.206237793,757.972900391,27.027652740,-0.012512005,-0.042011082,0.659302771,0.750598729
1713723432686542336.000000,-183.196746826,758.761657715,27.073547363,-0.010291939,-0.040335268,0.659650385,0.750418901
1713723432719859712.000000,-183.188964844,759.547363281,27.117931366,-0.012780000,-0.042358696,0.659971654,0.749986649
1713723432753176576.000000,-178.612304688,762.843750000,26.586046219,-0.011752352,-0.042595625,0.666978419,0.743765712
1713723432786493184.000000,-178.667999268,763.624572754,26.636629105,-0.009440115,-0.040918022,0.667566538,0.743365049
1713723432819809536.000000,-178.722473145,764.401306152,26.685554504,-0.009223815,-0.040858030,0.668090761,0.742899954
1713723432853125632.000000,-178.955596924,765.170654297,26.704689026,-0.011491864,-0.042835150,0.668294609,0.742573559
1713723432886440960.000000,-179.702484131,765.859985352,26.674774170,-0.010793462,-0.042230163,0.668176830,0.742724657
1713723432919756288.000000,-179.802947998,766.623657227,26.714569092,-0.008040772,-0.039959073,0.668882310,0.742250025
1713723432953071360.000000,-179.904541016,767.384887695,26.752977371,-0.010153829,-0.041262094,0.669156969,0.741905212
1713723432986386176.000000,-180.175628662,768.135070801,26.751823425,-0.010858986,-0.043119669,0.669670165,0.741326332
1713723433019700480.000000,-190.420745850,764.486206055,27.518802643,-0.010800251,-0.040363964,0.657577634,0.752227247
1713723433053014528.000000,-190.541961670,765.238586426,27.544368744,-0.009627876,-0.039255500,0.657974124,0.751955092
1713723433086328320.000000,-190.664550781,765.986694336,27.569145203,-0.011403815,-0.041952368,0.658336341,0.751467347
1713723433119641856.000000,-190.947204590,766.715515137,27.574508667,-0.010999156,-0.041188445,0.658549845,0.751328588
1713723433152954880.000000,-191.114349365,767.450805664,27.594102859,-0.008663004,-0.039739665,0.659397125,0.750693798
1713723433186267136.000000,-193.055999756,767.649047852,27.670028687,-0.009694953,-0.040413797,0.658087373,0.751793742
1713723433219586048.000000,-193.217498779,768.378295898,27.688169479,-0.011332341,-0.042122006,0.658988357,0.750887334
1713723433252905216.000000,-193.373901367,769.103515625,27.707958221,-0.010696764,-0.040863931,0.659732938,0.750312090
1713723433286223104.000000,-193.676818848,769.802490234,27.734989166,-0.008183889,-0.039305896,0.660859346,0.749435186
1713723433319541248.000000,-192.363739014,771.005981445,27.710361481,-0.010978040,-0.040890303,0.663377047,0.747086644
1713723433352858880.000000,-194.832977295,771.019409180,27.795200348,-0.011661916,-0.041895658,0.662027240,0.748217106
1713723433386175744.000000,-195.024139404,771.723510742,27.817914963,-0.010188123,-0.039664924,0.663097978,0.747411609
1713723433419492864.000000,-195.211944580,772.423339844,27.839279175,-0.009166596,-0.037780430,0.664058208,0.746669531
1713723433452809216.000000,-193.866149902,773.577392578,27.793136597,-0.012456240,-0.041539606,0.666381776,0.744348526
1713723433486125824.000000,-199.104858398,772.249572754,28.130159378,-0.012424211,-0.041130278,0.661475718,0.748734891
1713723433519441664.000000,-199.331054688,772.923645020,28.152446747,-0.009598671,-0.038120564,0.662452221,0.748072028
1713723433552756992.000000,-199.557220459,773.593627930,28.173179626,-0.010552862,-0.038595080,0.663126588,0.747437119
1713723433586072320.000000,-199.782257080,774.260742188,28.192970276,-0.012483164,-0.040985405,0.664122581,0.746395111
1713723433619387136.000000,-200.620361328,774.778625488,28.239715576,-0.012301610,-0.039591104,0.664165735,0.746434987
1713723433652701952.000000,-200.885437012,775.428955078,28.268583298,-0.010597207,-0.038080897,0.665197074,0.745620787
1713723433686015744.000000,-201.151184082,776.076110840,28.296464920,-0.012625826,-0.039905850,0.665747881,0.745001972
1713723433719329792.000000,-201.909271240,776.585449219,28.317825317,-0.012262236,-0.040087815,0.666082859,0.744698763
1713723433752643328.000000,-202.211486816,777.214721680,28.342338562,-0.012010601,-0.038891643,0.666952789,0.743987381
1713723433785956352.000000,-202.509826660,777.839965820,28.366428375,-0.011018816,-0.038002133,0.667512059,0.743546963
1713723433819269120.000000,-202.636047363,778.500000000,28.342456818,-0.013097046,-0.039662212,0.668251276,0.742762208
1713723433852581632.000000,-203.657226562,778.923461914,28.447843552,-0.012929216,-0.039476067,0.668509603,0.742542624
1713723433885894144.000000,-203.975402832,779.527465820,28.465429306,-0.010957360,-0.038128793,0.669232726,0.741993129
1713723433919205632.000000,-204.291809082,780.128234863,28.481725693,-0.011830230,-0.038244899,0.669887424,0.741382718
1713723433952517376.000000,-204.690063477,780.710205078,28.525775909,-0.013092361,-0.040027045,0.671012282,0.740249276
1713723433985828096.000000,-207.749572754,779.882080078,28.756633759,-0.012449529,-0.039968282,0.669193447,0.741908193
1713723434019138816.000000,-208.077178955,780.468811035,28.783512115,-0.010376306,-0.038049728,0.671088398,0.740327537
1713723434052449792.000000,-208.406250000,781.053222656,28.808837891,-0.012744745,-0.039642632,0.672702074,0.738740861
1713723434085760000.000000,-206.211425781,782.991210938,28.625034332,-0.013145052,-0.040424496,0.677777350,0.734037459
1713723434119069440.000000,-207.576141357,783.140686035,28.694061279,-0.012226027,-0.038554370,0.679342449,0.732705891
1713723434152378880.000000,-207.922973633,783.705322266,28.718723297,-0.011833154,-0.037440211,0.681323707,0.730928421
1713723434185651712.000000,-208.270141602,784.265197754,28.742572784,-0.013947790,-0.040392250,0.683452666,0.728743076
1713723434219182080.000000,-210.567810059,783.782348633,29.077295303,-0.014096464,-0.041017707,0.682934821,0.729190588
1713723434252714752.000000,-210.923400879,784.336730957,29.105991364,-0.011842841,-0.039668228,0.685186565,0.727190197
1713723434286249728.000000,-211.278015137,784.888671875,29.133319855,-0.013031293,-0.040572349,0.687087238,0.725324273
1713723434319787008.000000,-211.545349121,785.395263672,29.023788452,-0.014038400,-0.041475207,0.689210951,0.723236501
1713723434353327104.000000,-211.242919922,786.435302734,29.007171631,-0.013521841,-0.040510800,0.692793131,0.719870687
1713723434386869760.000000,-211.603149414,786.966186523,29.034475327,-0.011754269,-0.038315739,0.695169568,0.717727721
1713723434420414208.000000,-211.964660645,787.493347168,29.060775757,-0.014027344,-0.040839609,0.697505295,0.715277374
1713723434453961728.000000,-215.230957031,786.371582031,29.312747955,-0.012852799,-0.042340189,0.695736229,0.716933250
1713723434487511040.000000,-215.608581543,786.888549805,29.343437195,-0.012930525,-0.040676322,0.697668314,0.715148389
1713723434521063680.000000,-215.982788086,787.400878906,29.373462677,-0.012230133,-0.040873826,0.700076103,0.712792635
1713723434554618112.000000,-216.398376465,787.891113281,29.397207260,-0.013716446,-0.041708827,0.702336788,0.710489571
1713723434588175616.000000,-215.177734375,789.304931641,29.464015961,-0.013813009,-0.041565120,0.707223713,0.705631793
1713723434621735168.000000,-215.560668945,789.799682617,29.490623474,-0.014756929,-0.041458577,0.709395766,0.703435183
1713723434655296768.000000,-215.939208984,790.289733887,29.516357422,-0.013618542,-0.041683640,0.711672664,0.701141238
1713723434688861696.000000,-216.375427246,790.747924805,29.562620163,-0.014547518,-0.041697111,0.713867724,0.698886752
1713723434722428672.000000,-217.689392090,790.731201172,29.772428513,-0.012770670,-0.041943934,0.714564860,0.698193908
1713723434755997952.000000,-218.077087402,791.204711914,29.805210114,-0.013955759,-0.042980373,0.716765583,0.695848465
1713723434789569280.000000,-218.459350586,791.674316406,29.837535858,-0.012696536,-0.042670455,0.718984485,0.693598926
1713723434823143680.000000,-218.895507812,792.113342285,29.890810013,-0.013327765,-0.042524517,0.721176207,0.691316903
1713723434856720384.000000,-221.175598145,791.473388672,29.778968811,-0.011955907,-0.042718500,0.721035838,0.691476405
1713723434890299904.000000,-221.565368652,791.927062988,29.819637299,-0.012246005,-0.043770675,0.723459125,0.688869476
1713723434923881216.000000,-221.949768066,792.377868652,29.860404968,-0.012055972,-0.042679038,0.725475311,0.686817884
1713723434957465344.000000,-222.374084473,792.801513672,29.902038574,-0.012111717,-0.043001950,0.727578819,0.684567869
1713723434991052032.000000,-223.051086426,793.077270508,29.931434631,-0.012363291,-0.043720007,0.729463995,0.682508707
1713723435024640768.000000,-223.438842773,793.510131836,29.972839355,-0.011399287,-0.043825950,0.731597364,0.680231392
1713723435058232576.000000,-223.822937012,793.940673828,30.014047623,-0.011527239,-0.042979926,0.733494401,0.678237319
1713723435091826432.000000,-223.683959961,794.669189453,30.128303528,-0.011974709,-0.043890566,0.736405909,0.675008655
1713723435125422592.000000,-224.074218750,795.086181641,30.170795441,-0.012368107,-0.044251055,0.738516748,0.672667742
1713723435159021312.000000,-224.459411621,795.499328613,30.214309692,-0.010487532,-0.044084877,0.740729272,0.670273602
1713723435192656896.000000,-225.106628418,795.783447266,30.351615906,-0.011285594,-0.043026179,0.742582440,0.668276012
1713723435226013696.000000,-225.492614746,796.182739258,30.393316269,-0.011351721,-0.045327988,0.744879067,0.665561199
1713723435259369728.000000,-225.873962402,796.579101562,30.434854507,-0.011701752,-0.045310553,0.746800303,0.663399875
1713723435292726016.000000,-226.572753906,796.768737793,30.413534164,-0.008747847,-0.043651309,0.748897254,0.661189079
1713723435326082816.000000,-226.950439453,797.157104492,30.456481934,-0.010189962,-0.044198513,0.750813067,0.658955574
1713723435359438592.000000,-227.324951172,797.540283203,30.499174118,-0.010320822,-0.046737012,0.752932549,0.656354964
1713723435392795392.000000,-228.303405762,797.560485840,30.378875732,-0.010665090,-0.046089917,0.753946722,0.655229986
1713723435426151168.000000,-228.672241211,797.935668945,30.421276093,-0.008934075,-0.044510126,0.755632937,0.653420150
1713723435459507712.000000,-229.040893555,798.307861328,30.462591171,-0.010925321,-0.046646029,0.756585419,0.652137518
1713723435492864256.000000,-229.525329590,798.606994629,30.486976624,-0.010967553,-0.047549330,0.757652044,0.650831878
1713723435526220288.000000,-229.889282227,798.971862793,30.529684067,-0.010880330,-0.046653982,0.758227885,0.650227308
1713723435559577088.000000,-230.248657227,799.333190918,30.571378708,-0.010139046,-0.046178609,0.758877039,0.649515510
1713723435592932864.000000,-230.713073730,799.629577637,30.594551086,0.011553463,0.047775768,-0.759269297,-0.648917675
1713723435626289408.000000,-231.080932617,799.976623535,30.636148453,0.011074109,0.047726862,-0.759749532,-0.648367345
1713723435659645440.000000,-231.445251465,800.321411133,30.678304672,0.011157375,0.047317918,-0.760125697,-0.647954881
1713723435693001472.000000,-231.864501953,800.625305176,30.701202393,0.011091921,0.047188129,-0.760327101,-0.647729158
1713723435726358016.000000,-232.229064941,800.959106445,30.739830017,0.011770325,0.047904462,-0.760386944,-0.647594392
1713723435759714048.000000,-232.588195801,801.289184570,30.778879166,0.011554601,0.048123863,-0.760534763,-0.647408366
1713723435793070592.000000,-232.930908203,801.620910645,30.813608170,0.010328379,0.047298364,-0.761191487,-0.646717608
1713723435826426624.000000,-233.347045898,801.909790039,30.841484070,0.012054094,0.047196772,-0.761207581,-0.646676302
1713723435859782400.000000,-233.703430176,802.225769043,30.875633240,0.012190614,0.048628867,-0.761595964,-0.646110117
1713723435893138944.000000,-234.054321289,802.539184570,30.910736084,0.011841888,0.047846287,-0.761990607,-0.645709574
1713723435926494720.000000,-234.417724609,802.840881348,30.945631027,-0.011172280,-0.046005219,0.762331247,0.645453215
